104.766667 0.0000000 0.0000000 0.0000000 -0.0000000 -0.0000000 -0.0000000 1.0000000
106.100000 -0.0446305 -0.0094541 0.1230584 0.0106907 0.0106706 0.0048707 0.9998741
106.166667 -0.0471619 -0.0089593 0.1306238 0.0106197 0.0092613 0.0035285 0.9998945
106.233333 -0.0499262 -0.0079771 0.1384505 0.0103872 0.0078368 0.0024174 0.9999124
106.266667 -0.0515991 -0.0069301 0.1425651 0.0106250 0.0071526 0.0017334 0.9999165
106.333333 -0.0550306 -0.0052391 0.1509857 0.0096788 0.0059538 0.0011142 0.9999349
106.400000 -0.0595461 -0.0042002 0.1596186 0.0083070 0.0057312 -0.0001723 0.9999491
106.533333 -0.0684628 -0.0055788 0.1767689 0.0069311 0.0042801 -0.0026232 0.9999634
106.566667 -0.0701560 -0.0062934 0.1803881 0.0072884 0.0039624 -0.0033892 0.9999598
106.600000 -0.0713763 -0.0075460 0.1840006 0.0070444 0.0032326 -0.0040710 0.9999617
106.666667 -0.0735117 -0.0085994 0.1920034 0.0065289 0.0014343 -0.0051633 0.9999644
106.733333 -0.0758941 -0.0083339 0.2005301 0.0060540 -0.0010836 -0.0060224 0.9999629
106.800000 -0.0779303 -0.0063748 0.2098827 0.0057929 -0.0043924 -0.0063987 0.9999531
106.866667 -0.0803985 -0.0035894 0.2199432 0.0049279 -0.0080483 -0.0072017 0.9999295
106.933333 -0.0811069 -0.0009540 0.2324789 0.0028310 -0.0176230 -0.0048848 0.9998288
107.000000 -0.0832154 0.0019653 0.2470411 0.0017571 -0.0288187 -0.0030739 0.9995784
107.066667 -0.0852770 0.0004911 0.2582414 -0.0003871 -0.0364790 -0.0037498 0.9993273
107.133333 -0.0884682 -0.0006857 0.2680245 -0.0011089 -0.0413256 -0.0056252 0.9991293
107.200000 -0.0917355 -0.0024297 0.2753825 -0.0016540 -0.0436647 -0.0078256 0.9990143
107.266667 -0.0937567 -0.0028827 0.2825111 -0.0030960 -0.0449452 -0.0088842 0.9989452
107.366667 -0.0977817 -0.0031861 0.2918580 -0.0047590 -0.0425757 -0.0112747 0.9990183
107.433333 -0.1008550 -0.0031288 0.2972315 -0.0052985 -0.0370141 -0.0126450 0.9992207
107.533333 -0.1056717 -0.0037706 0.3007310 -0.0052231 -0.0141180 -0.0125453 0.9998080
107.600000 -0.1052197 -0.0064051 0.2972234 -0.0049255 0.0026312 -0.0132915 0.9998961
107.700000 -0.0966478 -0.0086313 0.2895038 -0.0039413 0.0251975 -0.0098660 0.9996260
107.800000 -0.0889344 -0.0152363 0.2892253 -0.0073866 0.0493237 -0.0058168 0.9987386
107.900000 -0.0845405 -0.0178540 0.2905664 -0.0100195 0.0736526 -0.0000735 0.9972336
108.000000 -0.0834051 -0.0183380 0.2988041 -0.0134179 0.0855721 0.0046365 0.9962308
108.100000 -0.0849367 -0.0152204 0.3108670 -0.0133275 0.0867901 0.0053831 0.9961230
108.200000 -0.0939553 -0.0120203 0.3271496 -0.0131208 0.0714432 0.0023739 0.9973556
108.300000 -0.1025699 -0.0125360 0.3408428 -0.0111231 0.0557620 -0.0019863 0.9983802
108.400000 -0.1102756 -0.0137920 0.3529164 -0.0094194 0.0421892 -0.0056872 0.9990491
108.500000 -0.1188207 -0.0119366 0.3657595 -0.0081514 0.0320376 -0.0094734 0.9994085
108.600000 -0.1293642 -0.0096360 0.3786463 -0.0073333 0.0236697 -0.0134027 0.9996031
108.700000 -0.1413182 -0.0070482 0.3930176 -0.0073471 0.0166462 -0.0159299 0.9997076
108.800000 -0.1527297 -0.0074156 0.4091816 -0.0128156 0.0106469 -0.0185693 0.9996887
108.933333 -0.1625257 -0.0076473 0.4279232 -0.0159907 -0.0011742 -0.0209384 0.9996522
109.033333 -0.1690268 -0.0049065 0.4427991 -0.0162610 -0.0132058 -0.0219919 0.9995387
109.133333 -0.1752250 -0.0001153 0.4583437 -0.0159641 -0.0275328 -0.0231672 0.9992249
109.266667 -0.1828498 0.0066537 0.4846742 -0.0180550 -0.0591546 -0.0244259 0.9977866
109.366667 -0.1903863 0.0063416 0.5039914 -0.0212529 -0.0843136 -0.0263258 0.9958647
109.466667 -0.1966336 0.0066508 0.5168566 -0.0210900 -0.0993986 -0.0313655 0.9943296
109.566667 -0.2010152 0.0070286 0.5288299 -0.0215564 -0.1136527 -0.0311267 0.9927989
109.700000 -0.2083267 0.0083420 0.5430240 -0.0238961 -0.1280760 -0.0332390 0.9909191
109.833333 -0.2172761 0.0093369 0.5566551 -0.0265021 -0.1404278 -0.0360027 0.9890811
109.966667 -0.2282668 0.0078204 0.5695804 -0.0329732 -0.1475161 -0.0399228 0.9877034
110.100000 -0.2338651 0.0053910 0.5811077 -0.0344135 -0.1579784 -0.0402760 0.9860205
110.233333 -0.2390601 0.0050536 0.5944190 -0.0367598 -0.1699071 -0.0400985 0.9839575
110.366667 -0.2440106 0.0064833 0.6094185 -0.0391898 -0.1862519 -0.0382596 0.9809743
110.500000 -0.2480276 0.0037621 0.6270704 -0.0426110 -0.2157288 -0.0348113 0.9749019
110.633333 -0.2511102 0.0005710 0.6386788 -0.0455103 -0.2265809 -0.0344951 0.9723169
110.766667 -0.2530379 -0.0002606 0.6457499 -0.0466246 -0.2242217 -0.0350609 0.9727906
110.900000 -0.2564079 0.0019589 0.6481965 -0.0454854 -0.1943352 -0.0352150 0.9792471
111.033333 -0.2602024 0.0044678 0.6460068 -0.0441086 -0.1463589 -0.0325986 0.9877099
111.166667 -0.2602482 0.0038755 0.6375221 -0.0424570 -0.1022454 -0.0272685 0.9934786
111.300000 -0.2522346 0.0027651 0.6262136 -0.0422017 -0.0645872 -0.0190952 0.9968365
111.433333 -0.2471186 0.0028319 0.6192383 -0.0428906 -0.0310861 -0.0119519 0.9985245
111.600000 -0.2439230 0.0033702 0.6097823 -0.0385265 0.0061198 -0.0080298 0.9992066
111.733333 -0.2403914 0.0019378 0.6011440 -0.0347664 0.0286972 -0.0023018 0.9989808
111.900000 -0.2393644 -0.0009444 0.5993933 -0.0311627 0.0486306 0.0038093 0.9983233
112.066667 -0.2375804 -0.0022158 0.5954200 -0.0281422 0.0690002 0.0054878 0.9972045
112.233333 -0.2391323 -0.0014415 0.6026418 -0.0252270 0.0744999 0.0063855 0.9968814
112.400000 -0.2424718 -0.0011275 0.6108000 -0.0241326 0.0748877 0.0076689 0.9968705
112.566667 -0.2456128 -0.0001145 0.6198666 -0.0259408 0.0690921 0.0097852 0.9972250
112.766667 -0.2502048 0.0023135 0.6338921 -0.0262030 0.0534218 0.0114736 0.9981623
112.933333 -0.2528900 0.0023314 0.6439916 -0.0276666 0.0384862 0.0115005 0.9988099
113.133333 -0.2571224 0.0044067 0.6541141 -0.0295445 0.0206854 0.0092281 0.9993068
113.333333 -0.2629053 0.0060426 0.6639810 -0.0345776 0.0125303 0.0029160 0.9993192
113.500000 -0.2674610 0.0064911 0.6730226 -0.0398619 -0.0009798 -0.0001094 0.9992047
113.666667 -0.2719874 0.0115397 0.6844770 -0.0447416 -0.0405968 0.0088164 0.9981345
113.766667 -0.2754684 0.0164013 0.6919176 -0.0404444 -0.0784907 0.0166601 0.9959548
113.833333 -0.2778347 0.0196533 0.6966417 -0.0351454 -0.1087425 0.0208368 0.9932299
113.900000 -0.2810518 0.0232719 0.7012203 -0.0246752 -0.1463502 0.0234028 0.9886481
113.966667 -0.2838534 0.0261955 0.7060683 -0.0148405 -0.1890309 0.0255290 0.9815271
114.033333 -0.2859220 0.0285324 0.7106622 -0.0045553 -0.2332390 0.0278619 0.9720095
114.100000 -0.2894126 0.0292116 0.7129678 0.0045087 -0.2680429 0.0209199 0.9631693
114.166667 -0.2914445 0.0302503 0.7159857 0.0132347 -0.3101702 0.0148673 0.9504727
114.233333 -0.2937053 0.0307948 0.7181015 0.0196801 -0.3444826 0.0092496 0.9385409
114.300000 -0.2957154 0.0310093 0.7199217 0.0251090 -0.3760999 0.0021427 0.9262364
114.366667 -0.2976785 0.0312705 0.7216350 0.0294612 -0.4055813 -0.0037818 0.9135762
114.400000 -0.2984806 0.0314222 0.7225301 0.0306084 -0.4199666 -0.0046250 0.9070115
114.433333 -0.2992810 0.0315657 0.7233300 0.0317212 -0.4333059 -0.0050545 0.9006743
114.466667 -0.3000817 0.0317210 0.7239015 0.0334333 -0.4443178 -0.0050656 0.8952308
114.500000 -0.3008990 0.0318533 0.7245333 0.0343580 -0.4557663 -0.0048067 0.8894231
114.533333 -0.3016557 0.0320102 0.7250369 0.0362459 -0.4659425 -0.0041779 0.8840625
114.566667 -0.3024209 0.0321246 0.7253973 0.0388520 -0.4748060 -0.0034291 0.8792259
114.600000 -0.3031584 0.0323119 0.7256163 0.0423756 -0.4824412 -0.0010755 0.8749021
114.666667 -0.3045108 0.0326565 0.7259225 0.0500265 -0.4978496 0.0037100 0.8658114
114.700000 -0.3051774 0.0327726 0.7260038 0.0539117 -0.5054058 0.0056383 0.8611775
114.733333 -0.3058595 0.0328181 0.7259386 0.0579193 -0.5117771 0.0066218 0.8571381
114.800000 -0.3070851 0.0330542 0.7263177 0.0647464 -0.5295757 0.0105480 0.8457223
114.866667 -0.3083383 0.0331938 0.7270355 0.0706724 -0.5525675 0.0136687 0.8303540
114.933333 -0.3095543 0.0330708 0.7273571 0.0774007 -0.5744904 0.0127868 0.8147432
115.000000 -0.3108017 0.0326919 0.7278603 0.0818600 -0.6001207 0.0082565 0.7956669
115.066667 -0.3119824 0.0324752 0.7284497 0.0884452 -0.6279919 0.0065489 0.7731499
115.133333 -0.3131288 0.0321670 0.7288724 0.0961522 -0.6546609 0.0033873 0.7497749
115.200000 -0.3141668 0.0319453 0.7289804 0.1051995 -0.6765436 0.0008812 0.7288491
115.266667 -0.3150618 0.0317268 0.7290759 0.1140065 -0.6961118 -0.0034036 0.7088154
115.333333 -0.3158997 0.0316368 0.7291414 0.1224860 -0.7159013 -0.0033516 0.6873654
115.400000 -0.3166777 0.0314447 0.7291380 0.1287456 -0.7335051 -0.0062770 0.6673496
115.466667 -0.3173956 0.0313326 0.7292017 0.1343404 -0.7507432 -0.0073186 0.6467487
115.533333 -0.3180674 0.0312368 0.7291986 0.1393789 -0.7663651 -0.0083392 0.6270475
115.600000 -0.3186752 0.0311513 0.7291688 0.1440870 -0.7806295 -0.0091368 0.6080897
115.666667 -0.3192071 0.0309840 0.7291150 0.1478605 -0.7942224 -0.0109998 0.5892597
115.800000 -0.3200649 0.0308713 0.7287494 0.1571362 -0.8158168 -0.0082766 0.5564914
115.866667 -0.3204735 0.0307484 0.7286080 0.1619592 -0.8267032 -0.0074049 0.5387728
115.933333 -0.3208710 0.0306466 0.7284938 0.1661085 -0.8374265 -0.0061911 0.5206596
116.000000 -0.3212399 0.0304852 0.7283999 0.1697892 -0.8480152 -0.0068469 0.5019910
116.066667 -0.3216528 0.0303318 0.7283126 0.1732870 -0.8592749 -0.0074680 0.4812095
116.133333 -0.3221294 0.0301544 0.7282627 0.1761540 -0.8718117 -0.0088905 0.4569848
116.200000 -0.3225883 0.0299651 0.7282132 0.1794210 -0.8836020 -0.0105614 0.4323704
116.266667 -0.3229309 0.0298184 0.7280772 0.1831885 -0.8924336 -0.0112272 0.4121627
116.333333 -0.3232334 0.0296445 0.7279094 0.1869087 -0.9002473 -0.0121115 0.3930307
116.400000 -0.3234820 0.0294939 0.7277580 0.1909976 -0.9071350 -0.0123451 0.3747980
116.466667 -0.3237028 0.0293791 0.7275639 0.1933575 -0.9136503 -0.0114239 0.3573870
116.566667 -0.3240060 0.0292708 0.7273362 0.1960103 -0.9214887 -0.0108716 0.3351423
116.666667 -0.3242483 0.0292924 0.7270647 0.1970299 -0.9274206 -0.0076922 0.3178226
116.766667 -0.3244034 0.0293171 0.7267641 0.1969913 -0.9314173 -0.0048485 0.3059948
116.866667 -0.3245082 0.0292733 0.7264737 0.1965340 -0.9340420 -0.0033891 0.2982088
116.933333 -0.3245733 0.0292372 0.7263254 0.1957148 -0.9353909 -0.0015306 0.2945120
117.000000 -0.3246448 0.0292099 0.7261947 0.1946493 -0.9365841 -0.0001568 0.2914138
117.066667 -0.3247252 0.0292135 0.7260539 0.1934208 -0.9374813 0.0015157 0.2893352
117.133333 -0.3248134 0.0292423 0.7259148 0.1919277 -0.9381924 0.0031224 0.2880087
117.233333 -0.3249479 0.0292680 0.7257158 0.1902516 -0.9391670 0.0048450 0.2859131
117.333333 -0.3250671 0.0292434 0.7255427 0.1890371 -0.9394512 0.0055299 0.2857723
117.433333 -0.3251498 0.0291796 0.7253760 0.1874539 -0.9398159 0.0060753 0.2856051
117.533333 -0.3252118 0.0291672 0.7251807 0.1860092 -0.9400302 0.0079389 0.2857986
117.633333 -0.3252757 0.0291886 0.7250025 0.1855553 -0.9395246 0.0076631 0.2877569
117.733333 -0.3253420 0.0292651 0.7247891 0.1853020 -0.9387639 0.0074496 0.2903963
117.833333 -0.3253831 0.0293298 0.7245575 0.1850796 -0.9377229 0.0060770 0.2939123
117.933333 -0.3254366 0.0293428 0.7243416 0.1847120 -0.9372111 0.0060734 0.2957703
118.033333 -0.3254930 0.0293150 0.7241502 0.1847500 -0.9363986 0.0051748 0.2983261
118.233333 -0.3257049 0.0293747 0.7237660 0.1863712 -0.9353473 0.0052357 0.3006059
118.333333 -0.3258317 0.0294103 0.7235926 0.1879541 -0.9349174 0.0058416 0.3009462
118.533333 -0.3259951 0.0293474 0.7232164 0.1909951 -0.9339060 0.0066547 0.3021527
118.633333 -0.3260515 0.0293233 0.7230492 0.1927790 -0.9334663 0.0078999 0.3023483
118.766667 -0.3261184 0.0293611 0.7228074 0.1950733 -0.9330969 0.0112907 0.3019091
118.900000 -0.3261425 0.0294244 0.7225053 0.1969232 -0.9325269 0.0154034 0.3022875
119.000000 -0.3261372 0.0293981 0.7222662 0.1977541 -0.9320729 0.0168642 0.3030660
119.100000 -0.3261645 0.0293630 0.7220678 0.1981239 -0.9320276 0.0196238 0.3027979
119.200000 -0.3261915 0.0293391 0.7218685 0.1985469 -0.9320461 0.0211769 0.3023587
119.333333 -0.3262988 0.0294033 0.7215697 0.1989582 -0.9326829 0.0234673 0.2999459
119.433333 -0.3263851 0.0294563 0.7213408 0.1994238 -0.9330931 0.0253336 0.2982041
119.533333 -0.3264437 0.0294412 0.7211025 0.1990505 -0.9336047 0.0275972 0.2966473
119.633333 -0.3264732 0.0293821 0.7209078 0.1994648 -0.9338631 0.0275770 0.2955556
119.766667 -0.3265231 0.0294110 0.7206408 0.1986535 -0.9346281 0.0308300 0.2933543
119.866667 -0.3265548 0.0294747 0.7204058 0.1975003 -0.9347209 0.0317687 0.2937365
119.966667 -0.3265731 0.0295437 0.7201469 0.1966080 -0.9348820 0.0327152 0.2937186
120.066667 -0.3265609 0.0295756 0.7198803 0.1952292 -0.9345436 0.0333298 0.2956399
120.166667 -0.3265477 0.0295454 0.7196628 0.1933449 -0.9339808 0.0344516 0.2985143
120.266667 -0.3265744 0.0295266 0.7194709 0.1906659 -0.9329355 0.0347751 0.3034282
120.366667 -0.3266294 0.0295473 0.7192652 0.1871995 -0.9318432 0.0345341 0.3089207
120.500000 -0.3267390 0.0296102 0.7189654 0.1826947 -0.9308672 0.0339100 0.3145775
120.633333 -0.3268061 0.0296108 0.7186621 0.1769628 -0.9308290 0.0332334 0.3180205
120.733333 -0.3268446 0.0295696 0.7184696 0.1744182 -0.9306329 0.0310390 0.3202143
120.866667 -0.3269213 0.0296130 0.7182024 0.1700772 -0.9288758 0.0284596 0.3278011
120.966667 -0.3269938 0.0296401 0.7180545 0.1685731 -0.9242991 0.0256383 0.3414631
121.066667 -0.3270574 0.0296430 0.7179359 0.1671522 -0.9144862 0.0238092 0.3677070
121.166667 -0.3271379 0.0296271 0.7178547 0.1694209 -0.9036223 0.0239900 0.3926677
121.266667 -0.3271654 0.0296547 0.7179554 0.1673407 -0.8897983 0.0409306 0.4225882
121.466667 -0.3271828 0.0297093 0.7181419 0.1534940 -0.8563879 0.0717337 0.4877434
121.600000 -0.3271433 0.0297949 0.7182776 0.1356473 -0.8323845 0.0971567 0.5284851
121.766667 -0.3270894 0.0299502 0.7184259 0.1133082 -0.7994950 0.1393516 0.5731931
121.800000 -0.3270765 0.0299871 0.7184528 0.1089635 -0.7915980 0.1491935 0.5824439
121.833333 -0.3270562 0.0300278 0.7184821 0.1044737 -0.7826574 0.1590871 0.5926415
121.866667 -0.3270349 0.0300740 0.7185153 0.1001884 -0.7734586 0.1695126 0.6024861
121.900000 -0.3270115 0.0301221 0.7185442 0.0952365 -0.7630848 0.1801018 0.6133473
121.966667 -0.3269432 0.0302570 0.7186184 0.0854588 -0.7377250 0.2049455 0.6375391
122.000000 -0.3268951 0.0303593 0.7186648 0.0799429 -0.7230172 0.2215399 0.6494423
122.066667 -0.3267919 0.0305745 0.7187451 0.0682590 -0.6895953 0.2523217 0.6753760
122.100000 -0.3267378 0.0307204 0.7187912 0.0623029 -0.6717047 0.2711832 0.6865790
122.133333 -0.3266857 0.0308645 0.7188448 0.0582358 -0.6541223 0.2878434 0.6970500
122.200000 -0.3265294 0.0311886 0.7188008 0.0396496 -0.6019846 0.3256484 0.7280080
122.266667 -0.3263865 0.0314695 0.7188119 0.0241440 -0.5565792 0.3509675 0.7526344
122.333333 -0.3261969 0.0316321 0.7186248 -0.0002360 -0.4962085 0.3673607 0.7866532
122.366667 -0.3261074 0.0316925 0.7185351 -0.0127038 -0.4671482 0.3731874 0.8014627
122.400000 -0.3260081 0.0317251 0.7184861 -0.0245892 -0.4419296 0.3755648 0.8142756
122.433333 -0.3259109 0.0317592 0.7184016 -0.0373047 -0.4143793 0.3785242 0.8268117
122.466667 -0.3258200 0.0317653 0.7183015 -0.0509687 -0.3862391 0.3800285 0.8389279
122.500000 -0.3257447 0.0317537 0.7181917 -0.0646968 -0.3581314 0.3803896 0.8502117
122.533333 -0.3257875 0.0317110 0.7180644 -0.0784777 -0.3296047 0.3785591 0.8613333
122.600000 -0.3256493 0.0316598 0.7179241 -0.1031312 -0.2810195 0.3745849 0.8775410
