212.666667 0.0000000 0.0000000 0.0000000 -0.0000000 -0.0000000 -0.0000000 1.0000000
212.708333 0.0035906 -0.0171700 0.0187425 -0.0015322 0.0088011 0.0037146 0.9999532
212.750000 0.0078863 -0.0348377 0.0360892 -0.0025707 0.0171769 0.0073183 0.9998224
212.791667 0.0130872 -0.0505278 0.0522775 -0.0032078 0.0251237 0.0104712 0.9996244
212.833333 0.0191765 -0.0642917 0.0683625 -0.0035963 0.0323915 0.0131521 0.9993823
212.875000 0.0264011 -0.0772850 0.0852854 -0.0050371 0.0393611 0.0164707 0.9990766
212.916667 0.0334326 -0.0880821 0.1014215 -0.0050302 0.0447675 0.0188819 0.9988064
212.958333 0.0405163 -0.0986025 0.1176899 -0.0054596 0.0492779 0.0208158 0.9985533
213.000000 0.0476549 -0.1076799 0.1345260 -0.0053237 0.0525766 0.0221729 0.9983565
213.041667 0.0542709 -0.1157186 0.1523330 -0.0055836 0.0553177 0.0228144 0.9981925
213.083333 0.0618145 -0.1234487 0.1707570 -0.0057983 0.0567028 0.0237985 0.9980906
213.125000 0.0689861 -0.1313417 0.1898045 -0.0059930 0.0572230 0.0241845 0.9980505
213.166667 0.0766495 -0.1406050 0.2096825 -0.0064809 0.0567551 0.0242918 0.9980716
213.208333 0.0844277 -0.1512370 0.2289430 -0.0069776 0.0557322 0.0241210 0.9981300
213.250000 0.0914416 -0.1642570 0.2478854 -0.0074685 0.0535410 0.0234656 0.9982620
213.291667 0.0975522 -0.1806063 0.2656552 -0.0077447 0.0506413 0.0226082 0.9984310
213.333333 0.1041724 -0.1978383 0.2834784 -0.0083666 0.0477083 0.0216346 0.9985920
213.375000 0.1087615 -0.2144095 0.2999392 -0.0089211 0.0459009 0.0197016 0.9987119
213.416667 0.1128640 -0.2294702 0.3152570 -0.0096874 0.0450276 0.0175125 0.9987853
213.458333 0.1181019 -0.2430925 0.3306030 -0.0102264 0.0440404 0.0156512 0.9988548
213.500000 0.1233040 -0.2550129 0.3463983 -0.0107798 0.0431155 0.0140558 0.9989130
213.541667 0.1280318 -0.2647825 0.3640068 -0.0117335 0.0437464 0.0123982 0.9988968
213.583333 0.1336335 -0.2732752 0.3812327 -0.0126455 0.0449924 0.0108577 0.9988483
213.666667 0.1457172 -0.2924091 0.4171837 -0.0132049 0.0481503 0.0075818 0.9987240
213.750000 0.1537265 -0.3116430 0.4571734 -0.0130270 0.0534645 0.0047582 0.9984735
213.833333 0.1576122 -0.3322632 0.4993282 -0.0120495 0.0604562 0.0032977 0.9980927
213.916667 0.1595264 -0.3629666 0.5380585 -0.0108345 0.0677692 0.0031441 0.9976372
214.000000 0.1628377 -0.3979299 0.5692071 -0.0090386 0.0747249 0.0032391 0.9971580
214.083333 0.1725714 -0.4274478 0.5968243 -0.0075536 0.0809160 0.0038381 0.9966850
214.166667 0.1855576 -0.4501454 0.6282613 -0.0070306 0.0861399 0.0048191 0.9962466
214.250000 0.1992297 -0.4658456 0.6623541 -0.0063432 0.0892214 0.0054257 0.9959769
214.333333 0.2160283 -0.4782595 0.6987138 -0.0057626 0.0900188 0.0057016 0.9959071
214.416667 0.2362826 -0.4954450 0.7368981 -0.0055979 0.0887868 0.0059441 0.9960172
214.500000 0.2538989 -0.5227680 0.7729046 -0.0059598 0.0858285 0.0052277 0.9962784
214.583333 0.2676661 -0.5596083 0.8063108 -0.0065020 0.0809189 0.0043949 0.9966898
214.666667 0.2723790 -0.5900825 0.8382538 -0.0072643 0.0783442 0.0016308 0.9968986
214.750000 0.2758289 -0.6158571 0.8700661 -0.0059654 0.0730559 -0.0003100 0.9973100
214.833333 0.2767437 -0.6345306 0.9041603 -0.0050832 0.0700137 -0.0022270 0.9975306
214.916667 0.2766759 -0.6530363 0.9412379 -0.0033796 0.0668583 -0.0032136 0.9977516
215.000000 0.2736204 -0.6711147 0.9807215 -0.0015825 0.0643828 -0.0042232 0.9979151
215.083333 0.2683047 -0.6935802 1.0203215 0.0005429 0.0618199 -0.0043724 0.9980776
215.166667 0.2615282 -0.7250091 1.0550191 0.0030434 0.0596920 -0.0043541 0.9982027
215.291667 0.2610590 -0.7711756 1.0974222 0.0072386 0.0563990 -0.0042113 0.9983732
215.416667 0.2700775 -0.8073200 1.1404037 0.0110882 0.0526437 -0.0039409 0.9985440
215.541667 0.2811390 -0.8306848 1.1920197 0.0133406 0.0489102 -0.0034685 0.9987081
215.666667 0.2976433 -0.8561303 1.2478310 0.0147633 0.0452993 -0.0022387 0.9988618
215.791667 0.3094315 -0.8993359 1.3015856 0.0158383 0.0406819 -0.0013182 0.9990458
215.916667 0.3115132 -0.9441110 1.3500266 0.0166088 0.0386168 -0.0013279 0.9991152
216.041667 0.3123731 -0.9757684 1.3970035 0.0167517 0.0358563 -0.0003934 0.9992165
216.166667 0.3124270 -0.9965978 1.4510411 0.0153844 0.0346911 0.0010179 0.9992791
216.291667 0.3112466 -1.0213784 1.5090704 0.0126841 0.0348873 0.0033432 0.9993052
216.416667 0.3097879 -1.0597460 1.5606009 0.0097042 0.0365207 0.0054513 0.9992709
216.541667 0.3180567 -1.1007453 1.6027868 0.0063911 0.0392115 0.0081196 0.9991775
216.666667 0.3315944 -1.1322689 1.6467347 0.0024323 0.0415996 0.0106585 0.9990746
216.791667 0.3468737 -1.1537230 1.7003672 -0.0032324 0.0432755 0.0123783 0.9989813
216.916667 0.3638027 -1.1740680 1.7628022 -0.0111144 0.0424550 0.0145929 0.9989300
217.041667 0.3733753 -1.2118720 1.8199943 -0.0163502 0.0419637 0.0161645 0.9988546
217.166667 0.3757409 -1.2573113 1.8646495 -0.0211536 0.0401529 0.0151288 0.9988551
217.333333 0.3815986 -1.2992778 1.9262204 -0.0262147 0.0381714 0.0136425 0.9988341
217.458333 0.3835958 -1.3188837 1.9809097 -0.0291176 0.0391560 0.0140394 0.9987101
217.583333 0.3830178 -1.3434181 2.0378973 -0.0324060 0.0431394 0.0166001 0.9984054
217.708333 0.3873047 -1.3818433 2.0897689 -0.0344888 0.0480806 0.0196517 0.9980544
217.833333 0.4021267 -1.4178253 2.1345975 -0.0351531 0.0521812 0.0222637 0.9977704
217.958333 0.4185818 -1.4458539 2.1845717 -0.0360956 0.0546541 0.0241474 0.9975605
218.083333 0.4343171 -1.4659632 2.2397568 -0.0372116 0.0543100 0.0243432 0.9975336
218.208333 0.4495223 -1.4967741 2.2971523 -0.0389641 0.0500825 0.0237239 0.9977027
218.333333 0.4502193 -1.5423687 2.3477323 -0.0418378 0.0461633 0.0195933 0.9978651
218.458333 0.4460262 -1.5799773 2.3968365 -0.0448918 0.0398252 0.0158101 0.9980725
218.583333 0.4465270 -1.6057447 2.4516885 -0.0493996 0.0335057 0.0117878 0.9981474
218.708333 0.4421634 -1.6254551 2.5138996 -0.0558249 0.0279365 0.0083920 0.9980144
218.833333 0.4303212 -1.6509225 2.5765014 -0.0654587 0.0246637 0.0075442 0.9975219
218.958333 0.4272787 -1.6899345 2.6281502 -0.0743352 0.0231635 0.0068349 0.9969409
219.083333 0.4379479 -1.7180009 2.6802270 -0.0843711 0.0244404 0.0080006 0.9961025
219.208333 0.4528593 -1.7355118 2.7403123 -0.0930667 0.0236908 0.0090534 0.9953368
219.333333 0.4680662 -1.7541714 2.8037941 -0.0990308 0.0208274 0.0092541 0.9948233
219.416667 0.4779378 -1.7793663 2.8447809 -0.1003198 0.0177732 0.0081885 0.9947628
219.500000 0.4847260 -1.8158616 2.8829374 -0.1000127 0.0152211 0.0058629 0.9948525
219.583333 0.4877406 -1.8529016 2.9146330 -0.0974919 0.0134996 0.0020494 0.9951427
219.666667 0.4909691 -1.8860507 2.9453185 -0.0929627 0.0112648 -0.0015497 0.9956047
219.750000 0.4928503 -1.9096982 2.9789243 -0.0873289 0.0096620 -0.0048647 0.9961208
219.833333 0.4928943 -1.9262189 3.0178640 -0.0807744 0.0093792 -0.0069584 0.9966640
219.916667 0.4917303 -1.9432098 3.0579836 -0.0729013 0.0102133 -0.0085370 0.9972503
220.000000 0.4901008 -1.9642602 3.0992610 -0.0647235 0.0120300 -0.0082800 0.9977964
220.083333 0.4877554 -1.9974949 3.1351001 -0.0558709 0.0143932 -0.0074036 0.9983068
220.166667 0.4926324 -2.0377367 3.1584430 -0.0447187 0.0156336 -0.0072693 0.9988508
220.250000 0.5056259 -2.0725503 3.1850963 -0.0354482 0.0173808 -0.0065470 0.9991989
220.333333 0.5209603 -2.0988231 3.2139192 -0.0265563 0.0179142 -0.0051847 0.9994733
220.416667 0.5356893 -2.1197331 3.2476182 -0.0192886 0.0181614 -0.0039291 0.9996413
220.541667 0.5581933 -2.1449797 3.3030467 -0.0101620 0.0174629 -0.0022693 0.9997933
220.625000 0.5718424 -2.1685977 3.3407481 -0.0050444 0.0156753 -0.0011424 0.9998638
220.708333 0.5801628 -2.2067504 3.3744886 -0.0003877 0.0144785 0.0003736 0.9998951
220.791667 0.5836218 -2.2437296 3.4056122 0.0036297 0.0144046 0.0010455 0.9998891
220.875000 0.5862386 -2.2730229 3.4343927 0.0069585 0.0143456 0.0016161 0.9998716
221.000000 0.5934745 -2.3069434 3.4807646 0.0114263 0.0147358 0.0025486 0.9998229
221.083333 0.5976570 -2.3244064 3.5159688 0.0141086 0.0164868 0.0034328 0.9997587
221.166667 0.6008561 -2.3412547 3.5525997 0.0165969 0.0207708 0.0050077 0.9996340
221.250000 0.6038617 -2.3629651 3.5872478 0.0195619 0.0260400 0.0071047 0.9994442
221.333333 0.6062123 -2.3924220 3.6186588 0.0228118 0.0319316 0.0095284 0.9991843
221.416667 0.6137655 -2.4236920 3.6436994 0.0275300 0.0371366 0.0110198 0.9988702
221.500000 0.6257529 -2.4515810 3.6683254 0.0318476 0.0430081 0.0123442 0.9984908
221.583333 0.6386302 -2.4739854 3.6954193 0.0363772 0.0481905 0.0130012 0.9980909
221.708333 0.6611792 -2.4984214 3.7447076 0.0431263 0.0532327 0.0126766 0.9975699
221.791667 0.6781015 -2.5174220 3.7798581 0.0471014 0.0545820 0.0119123 0.9973266
221.875000 0.6921614 -2.5432279 3.8131576 0.0506800 0.0533920 0.0100754 0.9972359
221.958333 0.7010893 -2.5780613 3.8427472 0.0544211 0.0509369 0.0079241 0.9971865
222.041667 0.7034821 -2.6092467 3.8695500 0.0578572 0.0504294 0.0047322 0.9970391
222.125000 0.7053202 -2.6328957 3.8958073 0.0630627 0.0499099 0.0016998 0.9967594
222.250000 0.7089464 -2.6584442 3.9403989 0.0711463 0.0503317 -0.0010170 0.9961947
222.333333 0.7074540 -2.6731596 3.9716182 0.0769626 0.0525300 -0.0030190 0.9956446
222.416667 0.7038819 -2.6911354 4.0022101 0.0833836 0.0544888 -0.0041162 0.9950182
222.500000 0.6989843 -2.7179646 4.0299320 0.0895531 0.0572860 -0.0041793 0.9943244
222.583333 0.6975429 -2.7499619 4.0506654 0.0960331 0.0601303 -0.0047969 0.9935487
222.666667 0.7026149 -2.7768173 4.0715122 0.1018140 0.0629775 -0.0045979 0.9927974
222.750000 0.7128061 -2.8003259 4.0933261 0.1070607 0.0650008 -0.0037350 0.9921184
222.833333 0.7255870 -2.8179038 4.1179757 0.1118593 0.0661105 -0.0031171 0.9915176
222.958333 0.7461857 -2.8357027 4.1635914 0.1167943 0.0667523 -0.0014753 0.9909092
223.083333 0.7708586 -2.8640301 4.2076921 0.1183449 0.0649519 0.0011032 0.9908454
223.166667 0.7833263 -2.8948135 4.2331748 0.1176555 0.0602364 0.0032294 0.9912207
223.250000 0.7884903 -2.9219553 4.2588658 0.1166019 0.0570031 0.0039538 0.9915337
223.375000 0.7954087 -2.9504802 4.2984033 0.1134331 0.0500421 0.0061664 0.9922655
223.458333 0.8012930 -2.9649575 4.3276429 0.1100892 0.0454454 0.0080330 0.9928497
223.541667 0.8058723 -2.9779949 4.3584595 0.1063447 0.0406199 0.0094025 0.9934548
223.625000 0.8097849 -2.9901378 4.3915257 0.1021028 0.0355773 0.0108772 0.9940780
223.708333 0.8129526 -3.0032058 4.4239073 0.0981374 0.0296166 0.0129765 0.9946474
223.791667 0.8153105 -3.0238805 4.4531431 0.0935144 0.0245888 0.0146066 0.9952071
223.875000 0.8206598 -3.0493925 4.4772906 0.0883268 0.0199647 0.0165915 0.9957532
223.958333 0.8298054 -3.0727639 4.4985032 0.0838139 0.0140455 0.0174841 0.9962290
224.041667 0.8416778 -3.0914152 4.5210772 0.0787896 0.0088472 0.0181120 0.9966875
224.125000 0.8550127 -3.1077640 4.5487814 0.0729471 0.0043800 0.0192429 0.9971406
224.208333 0.8694744 -3.1207054 4.5828247 0.0661260 -0.0012583 0.0205752 0.9975984
224.291667 0.8840137 -3.1339238 4.6206045 0.0577480 -0.0066232 0.0206062 0.9980965
224.375000 0.8960195 -3.1525548 4.6576056 0.0485102 -0.0138454 0.0185284 0.9985548
224.458333 0.9030298 -3.1820209 4.6944251 0.0360322 -0.0219933 0.0159437 0.9989814
224.541667 0.9021202 -3.2085831 4.7284966 0.0229146 -0.0286191 0.0101391 0.9992763
224.625000 0.9010658 -3.2267952 4.7617006 0.0085134 -0.0357851 0.0038158 0.9993160
224.708333 0.9016228 -3.2369428 4.7969279 -0.0070965 -0.0402636 -0.0027076 0.9991602
224.791667 0.9053211 -3.2472610 4.8350673 -0.0227594 -0.0407841 -0.0085532 0.9988722
224.875000 0.9074584 -3.2563372 4.8736553 -0.0365870 -0.0344496 -0.0137420 0.9986420
224.958333 0.9062707 -3.2625909 4.9112349 -0.0461730 -0.0198348 -0.0179991 0.9985743
225.041667 0.9074491 -3.2754228 4.9454131 -0.0512505 0.0028743 -0.0183596 0.9985129
225.125000 0.9103643 -3.3022444 4.9744701 -0.0532560 0.0291611 -0.0180537 0.9979917
225.208333 0.9116672 -3.3230746 4.9994345 -0.0489447 0.0560566 -0.0206367 0.9970136
225.291667 0.9099200 -3.3333180 5.0212564 -0.0385395 0.0837580 -0.0251789 0.9954222
225.375000 0.9097210 -3.3470404 5.0467782 -0.0304631 0.1054026 -0.0292494 0.9935325
225.458333 0.9065542 -3.3612773 5.0739856 -0.0225750 0.1218957 -0.0364053 0.9916181
225.541667 0.9057432 -3.3781919 5.1063056 -0.0153587 0.1303712 -0.0445594 0.9903443
225.625000 0.9161486 -3.4090049 5.1385307 -0.0105647 0.1267501 -0.0478925 0.9907215
225.666667 0.9161733 -3.4298649 5.1520805 -0.0076294 0.1243437 -0.0512185 0.9908870
225.708333 0.9115405 -3.4471755 5.1657987 -0.0030980 0.1208183 -0.0576031 0.9909971
225.833333 0.9010889 -3.4944427 5.2056122 0.0015728 0.1062458 -0.0709809 0.9918019
225.916667 0.8927281 -3.5101104 5.2306919 0.0082163 0.0979077 -0.0799890 0.9919417
226.041667 0.8868073 -3.5218639 5.2793078 0.0165350 0.0911293 -0.0882220 0.9917858
226.166667 0.8776693 -3.5408428 5.3256955 0.0293153 0.0904020 -0.0942118 0.9910057
226.250000 0.8699827 -3.5560429 5.3499856 0.0447519 0.0923021 -0.0958088 0.9901001
226.333333 0.8604653 -3.5764842 5.3636508 0.0654362 0.0963984 -0.0968903 0.9884522
226.375000 0.8576325 -3.5840755 5.3652444 0.0781876 0.0991171 -0.0979639 0.9871503
226.416667 0.8501990 -3.5908537 5.3663187 0.0907123 0.1051946 -0.1001905 0.9852245
226.500000 0.8497583 -3.6057551 5.3748527 0.1102644 0.1162521 -0.0993329 0.9820694
226.541667 0.8483189 -3.6070228 5.3833265 0.1205440 0.1230847 -0.1005309 0.9799045
226.583333 0.8511924 -3.6043139 5.3902550 0.1328457 0.1277131 -0.1018607 0.9775816
226.666667 0.8534373 -3.6048560 5.4061623 0.1527698 0.1379181 -0.1063986 0.9727895
226.750000 0.8560742 -3.6064768 5.4231892 0.1725964 0.1464610 -0.1134343 0.9674153
226.833333 0.8607807 -3.6083305 5.4403591 0.1922761 0.1520682 -0.1248200 0.9614183
226.958333 0.8658443 -3.6224527 5.4674168 0.2074904 0.1474299 -0.1362035 0.9574240
227.000000 0.8657411 -3.6246579 5.4685283 0.2073999 0.1476922 -0.1380203 0.9571430
227.041667 0.8656601 -3.6267765 5.4694576 0.2068651 0.1471434 -0.1398216 0.9570818
227.083333 0.8656052 -3.6287253 5.4705892 0.2063190 0.1462937 -0.1417125 0.9570519
227.166667 0.8655022 -3.6320024 5.4732289 0.2051286 0.1445504 -0.1447809 0.9571133
227.291667 0.8659543 -3.6361690 5.4781904 0.2027401 0.1446657 -0.1481821 0.9570843
227.416667 0.8661345 -3.6406603 5.4831867 0.2028179 0.1466395 -0.1511899 0.9562967
227.500000 0.8656607 -3.6441922 5.4864311 0.2046153 0.1493665 -0.1521565 0.9553379
227.541667 0.8653690 -3.6462095 5.4877758 0.2061840 0.1509428 -0.1521269 0.9547575
227.625000 0.8648602 -3.6507766 5.4899540 0.2098626 0.1544876 -0.1515131 0.9534857
227.708333 0.8649365 -3.6550632 5.4916425 0.2146808 0.1569010 -0.1513026 0.9520513
227.750000 0.8651997 -3.6570270 5.4924078 0.2176097 0.1576463 -0.1513502 0.9512554
227.791667 0.8655369 -3.6589170 5.4932289 0.2206941 0.1573212 -0.1517309 0.9505377
227.833333 0.8658230 -3.6606903 5.4941516 0.2240519 0.1565317 -0.1524277 0.9497707
227.916667 0.8664790 -3.6637888 5.4963145 0.2309468 0.1542023 -0.1549647 0.9480882
227.958333 0.8668966 -3.6653423 5.4976110 0.2344556 0.1523947 -0.1562428 0.9473091
228.000000 0.8675395 -3.6668825 5.4987411 0.2383381 0.1497665 -0.1575587 0.9465412
228.083333 0.8683201 -3.6705160 5.5010338 0.2459090 0.1432399 -0.1625672 0.9447661
228.125000 0.8686218 -3.6725597 5.5020905 0.2496332 0.1391352 -0.1656828 0.9438611
228.166667 0.8685014 -3.6748128 5.5030184 0.2525627 0.1357510 -0.1688157 0.9430191
228.208333 0.8682495 -3.6771190 5.5038557 0.2557703 0.1319707 -0.1718406 0.9421444
228.291667 0.8672674 -3.6813815 5.5054784 0.2611870 0.1260179 -0.1781276 0.9403039
228.333333 0.8668642 -3.6832647 5.5061302 0.2642253 0.1223313 -0.1812627 0.9393423
228.375000 0.8666467 -3.6848803 5.5068936 0.2671856 0.1185017 -0.1841538 0.9384331
228.416667 0.8666720 -3.6863458 5.5078402 0.2693593 0.1155150 -0.1868835 0.9376441
228.500000 0.8670256 -3.6890783 5.5101104 0.2735389 0.1099577 -0.1914836 0.9361730
228.541667 0.8672615 -3.6903901 5.5114164 0.2750498 0.1079152 -0.1931707 0.9356213
228.625000 0.8675916 -3.6928749 5.5143328 0.2772308 0.1061188 -0.1955554 0.9346871
228.708333 0.8676922 -3.6955838 5.5174179 0.2778798 0.1085051 -0.1949073 0.9343557
228.791667 0.8674769 -3.6987360 5.5202627 0.2773009 0.1141052 -0.1912818 0.9346098
228.875000 0.8675416 -3.7025003 5.5224175 0.2754193 0.1209439 -0.1850943 0.9355516
228.958333 0.8681822 -3.7058928 5.5244403 0.2725174 0.1288424 -0.1775880 0.9368012
229.041667 0.8693418 -3.7094047 5.5263767 0.2676658 0.1357801 -0.1698186 0.9386588
229.125000 0.8709054 -3.7126665 5.5289426 0.2602856 0.1412004 -0.1637100 0.9410170
229.208333 0.8728324 -3.7157104 5.5325761 0.2477835 0.1457108 -0.1576861 0.9447258
229.291667 0.8748548 -3.7190063 5.5364714 0.2313877 0.1453163 -0.1554116 0.9493104
229.375000 0.8764669 -3.7226164 5.5403519 0.2113421 0.1401249 -0.1575960 0.9543915
229.458333 0.8770988 -3.7266901 5.5444703 0.1874910 0.1325210 -0.1620720 0.9596968
229.541667 0.8768958 -3.7302613 5.5483584 0.1633545 0.1224371 -0.1720816 0.9636973
229.625000 0.8765533 -3.7334192 5.5520391 0.1394439 0.1111144 -0.1837355 0.9666697
229.708333 0.8765990 -3.7360201 5.5558162 0.1161567 0.1005219 -0.1937919 0.9689415
229.791667 0.8769178 -3.7380457 5.5598960 0.0965887 0.0947219 -0.2020512 0.9699864
229.875000 0.8771470 -3.7403796 5.5639448 0.0823905 0.0959202 -0.2062079 0.9703038
229.958333 0.8775381 -3.7429795 5.5677629 0.0754808 0.1033340 -0.2066507 0.9700105
230.041667 0.8780099 -3.7462685 5.5712256 0.0757487 0.1168630 -0.2012567 0.9695880
230.125000 0.8781996 -3.7504649 5.5733318 0.0849259 0.1342942 -0.1920809 0.9684305
230.208333 0.8783842 -3.7546396 5.5746932 0.1005093 0.1538587 -0.1825900 0.9658604
230.291667 0.8791795 -3.7587328 5.5761056 0.1194792 0.1731270 -0.1695296 0.9628144
230.375000 0.8798003 -3.7621236 5.5773687 0.1415477 0.1895590 -0.1599957 0.9583491
230.458333 0.8809111 -3.7655466 5.5787187 0.1634019 0.2001182 -0.1504463 0.9542633
230.541667 0.8819618 -3.7691157 5.5802894 0.1848529 0.2059155 -0.1450605 0.9499398
230.583333 0.8825810 -3.7710853 5.5809011 0.1944597 0.2064820 -0.1427890 0.9482415
230.625000 0.8829229 -3.7730179 5.5815268 0.2037229 0.2066348 -0.1428354 0.9462543
230.708333 0.8832278 -3.7776186 5.5826774 0.2189416 0.2019348 -0.1442806 0.9436473
230.750000 0.8831021 -3.7801237 5.5833321 0.2253946 0.1965186 -0.1455201 0.9430809
230.833333 0.8822399 -3.7843506 5.5849652 0.2358018 0.1854139 -0.1498910 0.9420998
230.916667 0.8819411 -3.7884088 5.5866618 0.2399287 0.1718521 -0.1528815 0.9431481
231.000000 0.8823885 -3.7916918 5.5891275 0.2415209 0.1605986 -0.1551286 0.9443574
231.083333 0.8833910 -3.7946370 5.5920119 0.2427095 0.1525329 -0.1566446 0.9451393
231.166667 0.8843382 -3.7976322 5.5951619 0.2438383 0.1471727 -0.1574971 0.9455568
231.291667 0.8847847 -3.8028221 5.5994315 0.2470386 0.1437344 -0.1561461 0.9454792
231.375000 0.8845405 -3.8071144 5.6013179 0.2512439 0.1435245 -0.1544941 0.9446739
231.458333 0.8841705 -3.8112521 5.6023984 0.2559668 0.1450360 -0.1533945 0.9433535
231.541667 0.8847629 -3.8151574 5.6036263 0.2596148 0.1473112 -0.1523550 0.9421717
231.625000 0.8861880 -3.8187287 5.6055617 0.2613501 0.1505668 -0.1516718 0.9412872
231.708333 0.8880002 -3.8223190 5.6077957 0.2613655 0.1543583 -0.1514281 0.9407077
231.791667 0.8900429 -3.8257861 5.6101623 0.2594222 0.1600052 -0.1518248 0.9402382
231.916667 0.8935012 -3.8318577 5.6139851 0.2532760 0.1673294 -0.1522149 0.9405758
232.000000 0.8952543 -3.8366795 5.6165504 0.2450120 0.1742782 -0.1499536 0.9418653
232.083333 0.8961706 -3.8414724 5.6188726 0.2354490 0.1837412 -0.1471653 0.9429451
232.125000 0.8967577 -3.8437831 5.6202221 0.2308630 0.1895647 -0.1454900 0.9431862
232.166667 0.8974110 -3.8461053 5.6215086 0.2252926 0.1957092 -0.1431265 0.9436398
232.250000 0.8992712 -3.8496397 5.6239953 0.2181804 0.2048869 -0.1411527 0.9436603
232.333333 0.9010956 -3.8529258 5.6266365 0.2111724 0.2147547 -0.1382277 0.9434934
232.416667 0.9027004 -3.8562284 5.6295004 0.2074920 0.2237447 -0.1349892 0.9426894
232.541667 0.9042916 -3.8618443 5.6333489 0.2092300 0.2354800 -0.1289852 0.9402844
232.583333 0.9045374 -3.8641267 5.6341352 0.2121827 0.2386571 -0.1265736 0.9391488
232.666667 0.9049790 -3.8688946 5.6346745 0.2200213 0.2441674 -0.1236634 0.9363121
232.708333 0.9050363 -3.8711433 5.6348066 0.2257155 0.2463459 -0.1230071 0.9344707
232.791667 0.9057192 -3.8754163 5.6351976 0.2379323 0.2499897 -0.1228632 0.9304827
232.833333 0.9062731 -3.8773210 5.6353531 0.2443626 0.2506602 -0.1231766 0.9285924
232.875000 0.9068717 -3.8790801 5.6355958 0.2509838 0.2506185 -0.1242115 0.9266980
232.916667 0.9076071 -3.8808017 5.6359797 0.2575209 0.2495933 -0.1257590 0.9249707
232.958333 0.9085414 -3.8824706 5.6364594 0.2642479 0.2474043 -0.1276758 0.9233975
233.000000 0.9093288 -3.8842337 5.6368985 0.2697687 0.2449155 -0.1306006 0.9220546
233.083333 0.9112047 -3.8878090 5.6379585 0.2803499 0.2363703 -0.1385506 0.9199656
233.166667 0.9125677 -3.8921633 5.6391277 0.2864124 0.2234964 -0.1499603 0.9195266
233.250000 0.9130898 -3.8970194 5.6402154 0.2900239 0.2050736 -0.1630257 0.9204638
233.333333 0.9127350 -3.9017274 5.6413164 0.2892382 0.1841117 -0.1789720 0.9221785
233.416667 0.9121048 -3.9057643 5.6429634 0.2845976 0.1631662 -0.1949390 0.9243267
233.500000 0.9118643 -3.9088826 5.6451726 0.2793103 0.1436289 -0.2084957 0.9262214
233.583333 0.9119106 -3.9116588 5.6480904 0.2731927 0.1290748 -0.2187151 0.9278303
233.666667 0.9120011 -3.9143417 5.6513104 0.2669681 0.1200049 -0.2258649 0.9291458
233.750000 0.9119284 -3.9172368 5.6544333 0.2613838 0.1169042 -0.2297562 0.9301742
233.833333 0.9112799 -3.9206724 5.6573281 0.2563609 0.1206407 -0.2296026 0.9311324
233.916667 0.9105627 -3.9245276 5.6596785 0.2530765 0.1270289 -0.2275230 0.9316916
234.000000 0.9099647 -3.9283140 5.6618838 0.2482401 0.1336664 -0.2263019 0.9323613
234.125000 0.9093933 -3.9331517 5.6656599 0.2405313 0.1380111 -0.2282386 0.9332764
234.250000 0.9093381 -3.9376137 5.6704021 0.2319227 0.1377258 -0.2342518 0.9340073
234.333333 0.9097388 -3.9406862 5.6734495 0.2247345 0.1345920 -0.2404996 0.9346333
234.416667 0.9105159 -3.9441133 5.6766157 0.2175371 0.1285531 -0.2483627 0.9351298
234.500000 0.9111055 -3.9479854 5.6799164 0.2099836 0.1204456 -0.2566098 0.9357089
234.583333 0.9108248 -3.9521251 5.6831408 0.1993514 0.1129638 -0.2641641 0.9368647
234.708333 0.9094682 -3.9577024 5.6873207 0.1878521 0.1033545 -0.2744998 0.9373789
234.791667 0.9084472 -3.9613132 5.6900678 0.1815448 0.0984853 -0.2809629 0.9372310
234.875000 0.9074245 -3.9646854 5.6931572 0.1763882 0.0920863 -0.2861142 0.9373078
235.000000 0.9058743 -3.9690969 5.6986051 0.1697093 0.0842448 -0.2903421 0.9379781
235.125000 0.9043741 -3.9734521 5.7042046 0.1603054 0.0791373 -0.2885357 0.9406310
235.250000 0.9019961 -3.9783342 5.7077456 0.1532274 0.0759324 -0.2864952 0.9426962
235.375000 0.9013476 -3.9830675 5.7113662 0.1490291 0.0734050 -0.2821170 0.9448873
235.583333 0.9030123 -3.9895337 5.7200117 0.1417716 0.0718768 -0.2728780 0.9488267
235.708333 0.9039065 -3.9951427 5.7246609 0.1394122 0.0715651 -0.2667480 0.9509407
235.833333 0.9028067 -4.0023642 5.7279377 0.1390332 0.0719177 -0.2614409 0.9524423
235.916667 0.9018068 -4.0066996 5.7298212 0.1406322 0.0727582 -0.2583320 0.9529918
236.000000 0.9011120 -4.0102506 5.7317028 0.1431400 0.0745190 -0.2550580 0.9533642
236.041667 0.9011579 -4.0116382 5.7329183 0.1446081 0.0762958 -0.2533315 0.9534624
236.083333 0.9013575 -4.0129371 5.7343454 0.1458058 0.0785825 -0.2510010 0.9537106
236.125000 0.9014553 -4.0140266 5.7360830 0.1469308 0.0835668 -0.2487480 0.9537045
236.166667 0.9017446 -4.0152254 5.7378440 0.1475209 0.0882472 -0.2449587 0.9541726
236.250000 0.9018984 -4.0176878 5.7413058 0.1510540 0.1010205 -0.2378482 0.9541519
236.333333 0.9016424 -4.0208416 5.7441945 0.1566293 0.1167070 -0.2272861 0.9540377
236.416667 0.9010333 -4.0247960 5.7461972 0.1648077 0.1355560 -0.2141801 0.9531999
236.458333 0.9007844 -4.0267763 5.7467108 0.1692920 0.1452158 -0.2078606 0.9523900
236.541667 0.9008843 -4.0304351 5.7479386 0.1797007 0.1663167 -0.1933156 0.9500924
236.625000 0.9016005 -4.0334959 5.7497244 0.1890825 0.1875682 -0.1796730 0.9469866
236.666667 0.9021230 -4.0347462 5.7508321 0.1930774 0.1966321 -0.1736918 0.9454566
236.708333 0.9028057 -4.0360141 5.7519560 0.1955800 0.2035934 -0.1679805 0.9445003
236.750000 0.9034319 -4.0372286 5.7532063 0.1975607 0.2088409 -0.1636772 0.9436975
236.791667 0.9039453 -4.0384941 5.7544990 0.1977368 0.2121429 -0.1608375 0.9434124
236.833333 0.9044073 -4.0397668 5.7558484 0.1959141 0.2113238 -0.1604810 0.9440370
236.875000 0.9047798 -4.0413179 5.7572284 0.1918804 0.2075182 -0.1611653 0.9455918
236.916667 0.9051943 -4.0429182 5.7587390 0.1881870 0.2008243 -0.1634908 0.9473785
237.000000 0.9049126 -4.0469041 5.7618904 0.1809173 0.1837437 -0.1760385 0.9500093
237.083333 0.9037052 -4.0516028 5.7643785 0.1754440 0.1639038 -0.1903593 0.9519025
237.166667 0.9023640 -4.0556030 5.7666965 0.1698574 0.1474538 -0.2032615 0.9529379
237.208333 0.9019083 -4.0573220 5.7677598 0.1680553 0.1390372 -0.2093838 0.9531970
237.291667 0.9015495 -4.0601749 5.7700467 0.1631126 0.1271112 -0.2190954 0.9535378
237.375000 0.9020467 -4.0622072 5.7731757 0.1558468 0.1216119 -0.2228246 0.9546055
237.458333 0.9019749 -4.0643964 5.7768326 0.1455162 0.1242994 -0.2246288 0.9554667
237.583333 0.9014459 -4.0679569 5.7815189 0.1376330 0.1366524 -0.2213980 0.9557019
237.666667 0.9009573 -4.0713215 5.7840214 0.1367695 0.1482125 -0.2148233 0.9556035
237.750000 0.9003850 -4.0752254 5.7857122 0.1384642 0.1600292 -0.2059324 0.9554110
237.833333 0.9002474 -4.0786910 5.7872186 0.1405025 0.1708075 -0.1971096 0.9551082
237.958333 0.9013870 -4.0832095 5.7905855 0.1365030 0.1807814 -0.1862749 0.9560265
238.083333 0.9025054 -4.0869050 5.7952008 0.1262708 0.1744789 -0.1867711 0.9585037
238.166667 0.9029878 -4.0895858 5.7986183 0.1194078 0.1597426 -0.1971229 0.9598784
238.250000 0.9026603 -4.0929909 5.8016758 0.1142440 0.1354047 -0.2139805 0.9606385
238.333333 0.9008849 -4.0974073 5.8037701 0.1125116 0.1038160 -0.2354745 0.9597474
238.416667 0.8985209 -4.1015129 5.8054466 0.1117172 0.0703656 -0.2592921 0.9567317
238.500000 0.8966135 -4.1044288 5.8070121 0.1140975 0.0361289 -0.2804933 0.9523655
238.541667 0.8957346 -4.1056252 5.8078723 0.1147356 0.0212127 -0.2897857 0.9499527
238.583333 0.8950949 -4.1066828 5.8087683 0.1151850 0.0069921 -0.2977324 0.9476492
238.625000 0.8944862 -4.1076851 5.8098297 0.1142088 -0.0056739 -0.3049310 0.9454846
238.666667 0.8939575 -4.1085067 5.8111124 0.1131156 -0.0161561 -0.3110926 0.9434857
238.708333 0.8934737 -4.1092491 5.8125286 0.1116460 -0.0252578 -0.3166105 0.9416237
238.791667 0.8922290 -4.1108093 5.8154197 0.1084698 -0.0390207 -0.3271251 0.9379237
238.875000 0.8904213 -4.1123896 5.8179102 0.1060886 -0.0486000 -0.3368421 0.9343023
238.958333 0.8879946 -4.1140208 5.8201675 0.1041026 -0.0557279 -0.3454637 0.9309736
239.000000 0.8866467 -4.1151085 5.8210821 0.1030865 -0.0592252 -0.3492938 0.9294404
239.083333 0.8842604 -4.1167812 5.8228288 0.1009793 -0.0663775 -0.3585450 0.9256580
239.166667 0.8822370 -4.1183491 5.8247643 0.0976808 -0.0764947 -0.3655420 0.9224891
239.208333 0.8814592 -4.1190686 5.8257256 0.0955869 -0.0832664 -0.3689206 0.9207755
239.250000 0.8806502 -4.1195698 5.8268843 0.0928221 -0.0905917 -0.3726046 0.9188814
239.333333 0.8788786 -4.1206369 5.8293610 0.0847552 -0.1088860 -0.3801912 0.9145573
239.375000 0.8779513 -4.1210985 5.8304996 0.0806643 -0.1200188 -0.3847112 0.9116392
239.416667 0.8769898 -4.1216063 5.8316336 0.0759408 -0.1319722 -0.3895870 0.9083162
239.458333 0.8760562 -4.1221256 5.8327613 0.0713160 -0.1447532 -0.3948868 0.9044473
239.500000 0.8751349 -4.1227064 5.8339190 0.0662961 -0.1585317 -0.4004169 0.9000771
239.541667 0.8742757 -4.1233630 5.8350067 0.0613369 -0.1738429 -0.4056363 0.8952517
239.583333 0.8733447 -4.1240702 5.8360233 0.0562178 -0.1894756 -0.4112506 0.8898379
239.625000 0.8723211 -4.1248093 5.8369703 0.0515055 -0.2051315 -0.4170345 0.8839403
239.666667 0.8709810 -4.1256046 5.8376698 0.0473337 -0.2204332 -0.4231123 0.8775789
239.750000 0.8681314 -4.1273637 5.8385267 0.0409177 -0.2500404 -0.4355309 0.8637814
239.833333 0.8656795 -4.1285496 5.8393507 0.0364598 -0.2771731 -0.4451952 0.8506745
239.875000 0.8646224 -4.1292062 5.8396425 0.0350650 -0.2889012 -0.4486668 0.8449880
239.916667 0.8638685 -4.1299171 5.8399935 0.0348983 -0.2998968 -0.4505756 0.8401343
239.958333 0.8632197 -4.1306601 5.8404551 0.0347029 -0.3087248 -0.4520512 0.8361426
240.000000 0.8626504 -4.1313086 5.8410959 0.0350032 -0.3134904 -0.4526556 0.8340273
240.083333 0.8613822 -4.1321783 5.8426514 0.0394108 -0.3114426 -0.4531784 0.8343139
240.166667 0.8601243 -4.1333628 5.8443551 0.0489901 -0.2973673 -0.4511384 0.8400279
240.250000 0.8588672 -4.1347046 5.8461857 0.0648740 -0.2716323 -0.4458580 0.8504222
240.333333 0.8576663 -4.1367488 5.8473153 0.0837070 -0.2347698 -0.4363379 0.8645725
240.416667 0.8557832 -4.1391120 5.8471441 0.1063826 -0.1890078 -0.4247940 0.8789248
240.500000 0.8533881 -4.1411486 5.8466120 0.1321832 -0.1393808 -0.4110478 0.8911455
240.583333 0.8523216 -4.1431899 5.8475924 0.1553718 -0.0983896 -0.3915807 0.9015784
240.666667 0.8517956 -4.1449599 5.8487630 0.1735314 -0.0643822 -0.3734680 0.9089903
240.750000 0.8512938 -4.1465011 5.8501587 0.1865382 -0.0381846 -0.3598508 0.9133745
240.833333 0.8507928 -4.1480093 5.8517661 0.1948132 -0.0198593 -0.3499730 0.9160635
240.916667 0.8501529 -4.1494603 5.8537006 0.1998809 -0.0087128 -0.3449511 0.9170499
241.000000 0.8492959 -4.1510344 5.8557186 0.2032089 -0.0024036 -0.3434846 0.9169072
241.041667 0.8487812 -4.1520061 5.8566737 0.2044117 -0.0014085 -0.3436147 0.9165931
241.083333 0.8481327 -4.1531596 5.8576245 0.2052019 -0.0015186 -0.3438622 0.9163235
241.125000 0.8472465 -4.1543679 5.8583741 0.2061870 -0.0017846 -0.3449133 0.9157066
241.166667 0.8462385 -4.1554742 5.8588858 0.2076162 -0.0032564 -0.3478716 0.9142594
241.291667 0.8431448 -4.1579909 5.8605213 0.2116891 -0.0070169 -0.3584128 0.9092188
241.333333 0.8422394 -4.1586280 5.8610606 0.2128001 -0.0113969 -0.3626996 0.9072129
241.416667 0.8405820 -4.1597071 5.8624191 0.2122905 -0.0195645 -0.3716410 0.9035668
241.458333 0.8397509 -4.1600080 5.8633814 0.2113060 -0.0245162 -0.3766043 0.9016196
241.500000 0.8389648 -4.1602321 5.8644061 0.2098258 -0.0302849 -0.3812760 0.8998247
241.541667 0.8382151 -4.1602707 5.8655429 0.2079388 -0.0368143 -0.3864188 0.8978233
241.583333 0.8374026 -4.1602201 5.8667355 0.2057837 -0.0432700 -0.3912311 0.8959459
241.625000 0.8365221 -4.1600976 5.8679299 0.2026051 -0.0506448 -0.3959330 0.8942167
241.666667 0.8355687 -4.1599154 5.8691082 0.1995379 -0.0582280 -0.4007149 0.8923126
241.708333 0.8344977 -4.1598115 5.8701515 0.1959992 -0.0656502 -0.4054056 0.8904609
241.750000 0.8332207 -4.1596799 5.8710494 0.1921330 -0.0729079 -0.4103305 0.8884808
241.833333 0.8306708 -4.1597304 5.8725595 0.1820066 -0.0906397 -0.4190240 0.8849164
241.875000 0.8294792 -4.1597133 5.8731842 0.1771580 -0.0995383 -0.4231361 0.8829854
241.958333 0.8274055 -4.1599469 5.8742485 0.1670507 -0.1183067 -0.4311257 0.8787652
242.041667 0.8255959 -4.1605411 5.8751192 0.1550505 -0.1408674 -0.4384312 0.8740102
242.125000 0.8241022 -4.1611066 5.8761191 0.1423759 -0.1666299 -0.4458163 0.8678775
242.208333 0.8229549 -4.1621571 5.8770323 0.1261350 -0.1995197 -0.4520338 0.8602020
242.291667 0.8218379 -4.1628871 5.8782525 0.1093360 -0.2355180 -0.4597898 0.8492175
242.375000 0.8205318 -4.1635718 5.8794274 0.0917183 -0.2758590 -0.4698154 0.8335245
242.416667 0.8198390 -4.1638536 5.8799138 0.0834041 -0.2970356 -0.4751264 0.8240561
242.500000 0.8182931 -4.1644025 5.8805075 0.0675310 -0.3412099 -0.4854212 0.8021107
242.541667 0.8175769 -4.1646981 5.8806386 0.0600536 -0.3632588 -0.4901815 0.7900372
242.583333 0.8169622 -4.1650338 5.8807244 0.0519444 -0.3858746 -0.4940338 0.7773887
242.625000 0.8164172 -4.1652160 5.8808694 0.0442667 -0.4082630 -0.4970145 0.7644203
242.666667 0.8159628 -4.1653938 5.8810210 0.0365255 -0.4304199 -0.4992425 0.7511069
242.708333 0.8156133 -4.1655126 5.8811936 0.0295114 -0.4518016 -0.5007485 0.7377366
242.750000 0.8153319 -4.1658106 5.8813038 0.0220140 -0.4722128 -0.5010322 0.7249119
242.791667 0.8150630 -4.1660862 5.8814154 0.0145434 -0.4912077 -0.5011262 0.7123033
242.833333 0.8147349 -4.1660757 5.8815966 0.0078354 -0.5078271 -0.5019611 0.7000609
242.875000 0.8144517 -4.1661539 5.8818231 0.0006776 -0.5232884 -0.5017212 0.6887994
242.916667 0.8141456 -4.1660013 5.8821168 -0.0044323 -0.5369810 -0.5017293 0.6781589
242.958333 0.8138123 -4.1657920 5.8823690 -0.0083463 -0.5490673 -0.5019887 0.6681787
243.000000 0.8134780 -4.1657739 5.8826275 -0.0125755 -0.5604780 -0.5011120 0.6592368
243.041667 0.8131380 -4.1655755 5.8828688 -0.0147687 -0.5702327 -0.5003060 0.6513911
243.083333 0.8128061 -4.1654148 5.8830605 -0.0154437 -0.5790712 -0.4991208 0.6444505
243.125000 0.8124552 -4.1653519 5.8832426 -0.0151926 -0.5874660 -0.4970405 0.6384385
243.166667 0.8121061 -4.1651955 5.8832769 -0.0123768 -0.5946999 -0.4955756 0.6329169
243.208333 0.8117542 -4.1650543 5.8832798 -0.0084056 -0.6017060 -0.4929956 0.6283586
243.250000 0.8113928 -4.1651063 5.8832064 -0.0036428 -0.6088124 -0.4903896 0.6235802
243.291667 0.8111153 -4.1651592 5.8831444 0.0022105 -0.6155288 -0.4868643 0.6197441
243.333333 0.8108606 -4.1652274 5.8831196 0.0072831 -0.6217554 -0.4829222 0.6165657
243.375000 0.8105850 -4.1653104 5.8831291 0.0114761 -0.6279045 -0.4794320 0.6129839
243.416667 0.8103676 -4.1651702 5.8831501 0.0158375 -0.6333432 -0.4762236 0.6097841
243.458333 0.8100719 -4.1650834 5.8832359 0.0176197 -0.6393553 -0.4733065 0.6057189
243.500000 0.8096838 -4.1650157 5.8833809 0.0174363 -0.6457572 -0.4710000 0.6007101
243.541667 0.8092585 -4.1648812 5.8834958 0.0168618 -0.6520792 -0.4691812 0.5952961
243.583333 0.8087368 -4.1648378 5.8836231 0.0146710 -0.6588479 -0.4686370 0.5882886
243.625000 0.8082876 -4.1644397 5.8836756 0.0138406 -0.6653501 -0.4681630 0.5813270
243.708333 0.8071289 -4.1639767 5.8838611 0.0077521 -0.6793236 -0.4685305 0.5647464
243.750000 0.8064680 -4.1637564 5.8839464 0.0040215 -0.6868401 -0.4692963 0.5549734
243.791667 0.8057919 -4.1635666 5.8839722 0.0000252 -0.6944634 -0.4703643 0.5444979
243.875000 0.8043852 -4.1631346 5.8838711 -0.0084055 -0.7095240 -0.4739268 0.5214389
243.958333 0.8029099 -4.1627865 5.8834639 -0.0156671 -0.7234063 -0.4782262 0.4977324
244.041667 0.8016167 -4.1624589 5.8828888 -0.0205778 -0.7356967 -0.4828930 0.4744905
244.083333 0.8008919 -4.1623926 5.8826275 -0.0255313 -0.7410823 -0.4857607 0.4627979
244.125000 0.8002968 -4.1622529 5.8823800 -0.0295332 -0.7464693 -0.4877244 0.4517037
244.208333 0.7992468 -4.1620197 5.8820362 -0.0382959 -0.7562569 -0.4903804 0.4314349
244.291667 0.7981577 -4.1615639 5.8818741 -0.0480837 -0.7628338 -0.4938257 0.4146188
244.333333 0.7976379 -4.1612201 5.8818150 -0.0516247 -0.7651886 -0.4956202 0.4076543
244.458333 0.7961621 -4.1600661 5.8816185 -0.0578473 -0.7687753 -0.5008493 0.3934314
244.541667 0.7952261 -4.1592112 5.8813605 -0.0585948 -0.7685288 -0.5045751 0.3890170
244.583333 0.7947245 -4.1588192 5.8811703 -0.0588335 -0.7675577 -0.5062537 0.3887172
244.625000 0.7941813 -4.1585097 5.8808537 -0.0584269 -0.7666187 -0.5078467 0.3885537
244.666667 0.7935977 -4.1582451 5.8804569 -0.0571161 -0.7654954 -0.5094555 0.3888568
244.708333 0.7930493 -4.1580305 5.8800397 -0.0545831 -0.7643832 -0.5106187 0.3898814
244.750000 0.7925839 -4.1578360 5.8796892 -0.0512848 -0.7632037 -0.5118422 0.3910338
244.791667 0.7920380 -4.1576061 5.8794374 -0.0495120 -0.7615077 -0.5130132 0.3930292
244.875000 0.7907295 -4.1570692 5.8792248 -0.0492449 -0.7576683 -0.5151939 0.3976042
244.916667 0.7901816 -4.1567631 5.8792086 -0.0487206 -0.7555072 -0.5165394 0.4000279
244.958333 0.7896261 -4.1563931 5.8792253 -0.0488071 -0.7535468 -0.5176756 0.4022402
245.000000 0.7890615 -4.1560020 5.8792224 -0.0491427 -0.7515223 -0.5189898 0.4042881
245.041667 0.7884808 -4.1556387 5.8792095 -0.0495490 -0.7499007 -0.5201122 0.4058042
245.083333 0.7879391 -4.1552773 5.8792086 -0.0498342 -0.7486454 -0.5211725 0.4067257
245.125000 0.7873774 -4.1548810 5.8792105 -0.0506775 -0.7473857 -0.5224976 0.4072378
245.166667 0.7867908 -4.1544805 5.8792300 -0.0513811 -0.7462956 -0.5239266 0.4073130
245.208333 0.7861290 -4.1540947 5.8792124 -0.0525475 -0.7452883 -0.5253790 0.4071377
245.250000 0.7854280 -4.1537409 5.8791718 -0.0540960 -0.7446664 -0.5267248 0.4063331
245.291667 0.7846842 -4.1534119 5.8791084 -0.0558777 -0.7443352 -0.5281727 0.4048164
245.333333 0.7839265 -4.1531296 5.8789182 -0.0572532 -0.7439445 -0.5299298 0.4030422
245.375000 0.7830591 -4.1529455 5.8786039 -0.0593792 -0.7436401 -0.5315927 0.4011018
245.416667 0.7822056 -4.1528673 5.8782406 -0.0609299 -0.7441431 -0.5328639 0.3982394
245.458333 0.7814569 -4.1527362 5.8778648 -0.0612305 -0.7447422 -0.5344367 0.3949524
245.500000 0.7807579 -4.1525803 5.8774757 -0.0615095 -0.7449484 -0.5363242 0.3919501
245.541667 0.7801027 -4.1524343 5.8770852 -0.0620968 -0.7454250 -0.5378644 0.3888282
245.625000 0.7789993 -4.1520877 5.8764429 -0.0614150 -0.7458013 -0.5410198 0.3838052
245.708333 0.7781897 -4.1514912 5.8760624 -0.0561783 -0.7441951 -0.5453534 0.3815853
245.750000 0.7777843 -4.1510544 5.8759336 -0.0523922 -0.7421724 -0.5480599 0.3821854
245.833333 0.7769752 -4.1500692 5.8756313 -0.0408124 -0.7339939 -0.5558184 0.3881407
245.916667 0.7761874 -4.1492071 5.8752880 -0.0243733 -0.7198253 -0.5656359 0.4016385
246.000000 0.7753572 -4.1483622 5.8744535 -0.0001510 -0.6953848 -0.5809663 0.4229871
246.083333 0.7744970 -4.1473994 5.8734064 0.0293160 -0.6609499 -0.5969456 0.4538080
246.166667 0.7735367 -4.1467161 5.8723593 0.0596733 -0.6207458 -0.6096300 0.4893516
246.208333 0.7731314 -4.1463633 5.8721018 0.0735905 -0.6018914 -0.6123632 0.5072697
246.250000 0.7727423 -4.1462178 5.8714414 0.0871952 -0.5834131 -0.6167740 0.5211679
