3.600000 0.0000000 0.0000000 0.0000000 -0.0000000 -0.0000000 -0.0000000 1.0000000
3.633333 0.0105251 -0.0020432 -0.0031039 0.0010683 0.0062343 -0.0006555 0.9999798
3.700000 0.0328867 -0.0051247 -0.0084722 0.0035673 0.0175878 -0.0019252 0.9998372
3.733333 0.0447337 -0.0074814 -0.0110275 0.0049390 0.0225584 -0.0024383 0.9997303
3.766667 0.0561092 -0.0101479 -0.0136014 0.0063375 0.0279363 -0.0030994 0.9995849
3.800000 0.0682290 -0.0128794 -0.0159460 0.0077409 0.0329459 -0.0037980 0.9994199
3.866667 0.0921324 -0.0166927 -0.0190796 0.0107236 0.0422213 -0.0049107 0.9990386
3.933333 0.1153002 -0.0207534 -0.0252230 0.0138680 0.0512776 -0.0056451 0.9985722
3.966667 0.1255273 -0.0235881 -0.0278866 0.0149285 0.0562848 -0.0059285 0.9982855
4.033333 0.1469105 -0.0283981 -0.0348646 0.0173506 0.0658717 -0.0070388 0.9976525
4.100000 0.1668484 -0.0330981 -0.0427157 0.0192299 0.0766052 -0.0081832 0.9968425
4.166667 0.1859831 -0.0387164 -0.0512413 0.0213990 0.0872806 -0.0095658 0.9959080
4.233333 0.2042155 -0.0439757 -0.0603949 0.0234152 0.0985028 -0.0112932 0.9947972
4.366667 0.2391245 -0.0531471 -0.0783558 0.0273719 0.1213045 -0.0152817 0.9921202
4.433333 0.2548854 -0.0569896 -0.0879285 0.0298375 0.1330835 -0.0171469 0.9905072
4.500000 0.2697078 -0.0608586 -0.0973346 0.0325493 0.1447308 -0.0191980 0.9887492
4.566667 0.2853472 -0.0643199 -0.1071010 0.0360173 0.1559585 -0.0219280 0.9868632
4.633333 0.3009844 -0.0692892 -0.1181968 0.0399723 0.1679819 -0.0250493 0.9846607
4.700000 0.3158367 -0.0723757 -0.1278794 0.0441658 0.1788986 -0.0279684 0.9824777
4.766667 0.3304886 -0.0753812 -0.1379548 0.0484119 0.1892534 -0.0312196 0.9802371
4.833333 0.3450634 -0.0784957 -0.1468515 0.0513697 0.1984096 -0.0337990 0.9781883
4.900000 0.3591844 -0.0832916 -0.1558847 0.0536024 0.2067145 -0.0361697 0.9762621
5.033333 0.3859238 -0.0900136 -0.1724534 0.0573165 0.2221683 -0.0403491 0.9724855
5.100000 0.3986536 -0.0933145 -0.1806126 0.0583083 0.2294771 -0.0418164 0.9706656
5.166667 0.4115858 -0.0968366 -0.1884199 0.0588011 0.2355497 -0.0430212 0.9691274
5.233333 0.4223052 -0.1002734 -0.1962938 0.0593530 0.2420035 -0.0447616 0.9674233
5.300000 0.4336478 -0.1038658 -0.2037369 0.0597823 0.2468976 -0.0459636 0.9661030
5.500000 0.4627420 -0.1125671 -0.2231774 0.0618152 0.2561027 -0.0508846 0.9633281
5.566667 0.4698499 -0.1141821 -0.2290809 0.0624395 0.2599237 -0.0516684 0.9622221
5.700000 0.4817955 -0.1166041 -0.2399728 0.0627831 0.2675194 -0.0530250 0.9600416
5.766667 0.4866706 -0.1169951 -0.2444409 0.0630338 0.2712893 -0.0534203 0.9589449
6.066667 0.5049485 -0.1158740 -0.2593963 0.0651915 0.2869017 -0.0533231 0.9542506
6.133333 0.5077457 -0.1144482 -0.2615826 0.0668476 0.2897262 -0.0526368 0.9533203
6.400000 0.5204607 -0.1112677 -0.2696602 0.0772546 0.2964744 -0.0536578 0.9503976
6.466667 0.5234594 -0.1105585 -0.2741165 0.0807647 0.2982709 -0.0550097 0.9494659
6.600000 0.5290517 -0.1095052 -0.2797118 0.0860974 0.3022268 -0.0570277 0.9476255
6.666667 0.5320289 -0.1090325 -0.2830677 0.0883829 0.3041644 -0.0579182 0.9467407
6.733333 0.5354582 -0.1086845 -0.2865420 0.0904419 0.3059928 -0.0590513 0.9458867
6.800000 0.5400455 -0.1086960 -0.2914881 0.0921861 0.3088463 -0.0605002 0.9446986
6.966667 0.5542741 -0.1110435 -0.2920576 0.0918566 0.3079312 -0.0617158 0.9449508
7.033333 0.5607697 -0.1154926 -0.2901404 0.0890630 0.3043515 -0.0626560 0.9463151
7.100000 0.5630821 -0.1179691 -0.2878204 0.0880941 0.3041199 -0.0631044 0.9464504
7.233333 0.5734276 -0.1300790 -0.2805881 0.0787006 0.2979344 -0.0656895 0.9490659
7.333333 0.5702912 -0.1311026 -0.2785267 0.0786058 0.3024264 -0.0663882 0.9476033
7.433333 0.5681386 -0.1315627 -0.2762524 0.0779160 0.3065907 -0.0665271 0.9463115
7.566667 0.5663579 -0.1318176 -0.2732929 0.0768579 0.3117108 -0.0665484 0.9447225
7.666667 0.5662532 -0.1323784 -0.2715179 0.0750270 0.3177584 -0.0662205 0.9428761
7.800000 0.5667996 -0.1323126 -0.2684228 0.0742170 0.3212710 -0.0663347 0.9417412
7.900000 0.5677183 -0.1311314 -0.2650422 0.0743196 0.3209079 -0.0670073 0.9418094
8.000000 0.5689722 -0.1299530 -0.2607866 0.0746454 0.3162206 -0.0670247 0.9433665
8.100000 0.5703698 -0.1289978 -0.2568910 0.0756977 0.3110163 -0.0673867 0.9449856
8.200000 0.5715857 -0.1287502 -0.2541642 0.0759599 0.3103330 -0.0678832 0.9451537
8.400000 0.5733312 -0.1283604 -0.2502939 0.0759993 0.3104853 -0.0689034 0.9450266
8.700000 0.5726403 -0.1266916 -0.2421427 0.0756324 0.3101233 -0.0705077 0.9450566
8.933333 0.5689723 -0.1266726 -0.2335702 0.0779434 0.3110991 -0.0723029 0.9444122
9.033333 0.5669438 -0.1269700 -0.2293332 0.0790701 0.3104873 -0.0726387 0.9444941
9.166667 0.5649385 -0.1271342 -0.2245771 0.0807010 0.3096570 -0.0733568 0.9445733
9.266667 0.5643264 -0.1270137 -0.2214238 0.0825605 0.3087697 -0.0739049 0.9446603
9.366667 0.5646210 -0.1264126 -0.2179893 0.0840421 0.3082712 -0.0743738 0.9446557
9.600000 0.5679775 -0.1248259 -0.2098964 0.0894305 0.3051417 -0.0761712 0.9450337
9.733333 0.5696247 -0.1255451 -0.2062280 0.0925967 0.3024124 -0.0768107 0.9455542
10.000000 0.5705661 -0.1267585 -0.2011535 0.0965592 0.3061529 -0.0784942 0.9438143
10.133333 0.5704086 -0.1265790 -0.1973092 0.0962592 0.3099427 -0.0783962 0.9426154
10.400000 0.5670042 -0.1298248 -0.1896993 0.0961544 0.3229869 -0.0761708 0.9384199
10.533333 0.5643737 -0.1321176 -0.1865964 0.0956780 0.3323595 -0.0762368 0.9351850
10.666667 0.5630319 -0.1329647 -0.1832669 0.0953219 0.3377333 -0.0752583 0.9333735
10.800000 0.5624510 -0.1337880 -0.1805175 0.0941023 0.3438559 -0.0737718 0.9313784
10.933333 0.5629280 -0.1346896 -0.1782902 0.0926298 0.3508604 -0.0712761 0.9291052
11.066667 0.5647817 -0.1352144 -0.1761145 0.0914562 0.3580289 -0.0683580 0.9267029
11.200000 0.5675849 -0.1362667 -0.1743242 0.0906739 0.3647087 -0.0657009 0.9243642
11.333333 0.5710199 -0.1374668 -0.1726337 0.0908362 0.3708294 -0.0636559 0.9220533
11.466667 0.5740512 -0.1383309 -0.1704850 0.0903073 0.3754840 -0.0617403 0.9203502
11.600000 0.5767822 -0.1378027 -0.1672500 0.0904453 0.3778270 -0.0596724 0.9195138
11.733333 0.5785094 -0.1368014 -0.1631862 0.0903294 0.3787113 -0.0577550 0.9192838
11.866667 0.5794345 -0.1352982 -0.1575542 0.0912943 0.3784025 -0.0564271 0.9193981
12.000000 0.5793504 -0.1340676 -0.1504230 0.0929219 0.3766240 -0.0552032 0.9200394
12.133333 0.5787107 -0.1337365 -0.1429061 0.0956227 0.3739180 -0.0544257 0.9209123
12.266667 0.5783866 -0.1334727 -0.1365662 0.0985321 0.3688517 -0.0538774 0.9226794
12.433333 0.5792822 -0.1305901 -0.1277552 0.1015979 0.3604231 -0.0539008 0.9256716
12.600000 0.5832164 -0.1248248 -0.1174616 0.1058494 0.3433871 -0.0557880 0.9315411
12.766667 0.5874425 -0.1200678 -0.1076224 0.1104886 0.3292554 -0.0583597 0.9359366
12.933333 0.5918936 -0.1179807 -0.1000178 0.1139623 0.3187738 -0.0609104 0.9389813
13.100000 0.5949914 -0.1148832 -0.0921599 0.1168807 0.3063024 -0.0611443 0.9427508
13.266667 0.5978837 -0.1099116 -0.0817378 0.1147209 0.2938587 -0.0613018 0.9469573
13.433333 0.5968546 -0.1060798 -0.0689416 0.1141053 0.2827182 -0.0608452 0.9504463
13.633333 0.5929098 -0.1043153 -0.0539244 0.1156470 0.2694061 -0.0593593 0.9542131
13.866667 0.5860654 -0.0979677 -0.0389024 0.1190147 0.2627922 -0.0578564 0.9557345
14.066667 0.5849674 -0.0919256 -0.0272437 0.1216969 0.2552691 -0.0577712 0.9574393
14.233333 0.5881254 -0.0905076 -0.0205955 0.1219030 0.2537012 -0.0582738 0.9577993
14.433333 0.5944315 -0.0922692 -0.0172026 0.1216082 0.2565795 -0.0581777 0.9570757
14.633333 0.6002641 -0.0937624 -0.0144690 0.1186344 0.2630023 -0.0574797 0.9557467
14.833333 0.6063653 -0.0951779 -0.0103509 0.1123881 0.2715333 -0.0586327 0.9540445
15.033333 0.6091953 -0.0965270 -0.0035818 0.1099330 0.2788901 -0.0591003 0.9521776
15.200000 0.6105972 -0.0992903 0.0010152 0.1085750 0.2858521 -0.0593386 0.9502521
15.366667 0.6130639 -0.1010417 0.0046474 0.1066071 0.2908251 -0.0591315 0.9489780
15.566667 0.6175033 -0.1016021 0.0095541 0.1028165 0.2978565 -0.0579878 0.9472844
15.766667 0.6233743 -0.1000958 0.0151585 0.1038299 0.3028546 -0.0566744 0.9456673
15.933333 0.6270361 -0.0999052 0.0186651 0.1057111 0.3039268 -0.0571981 0.9450831
16.133333 0.6286803 -0.0979747 0.0246494 0.1073396 0.3013411 -0.0575077 0.9457085
16.300000 0.6279638 -0.0954759 0.0316092 0.1081935 0.2950599 -0.0581297 0.9475520
16.466667 0.6242235 -0.0929207 0.0409511 0.1101791 0.2873541 -0.0588134 0.9496469
16.633333 0.6192940 -0.0916699 0.0512572 0.1126839 0.2768945 -0.0599357 0.9523862
16.800000 0.6133133 -0.0895569 0.0622258 0.1162084 0.2642699 -0.0616590 0.9554346
16.966667 0.6067994 -0.0859709 0.0733210 0.1202267 0.2491681 -0.0642401 0.9588191
17.233333 0.6015739 -0.0802589 0.0897576 0.1261916 0.2333989 -0.0744260 0.9612811
17.533333 0.5973865 -0.0749480 0.1053360 0.1397247 0.2068269 -0.0926391 0.9639075
17.800000 0.5889533 -0.0657071 0.1179186 0.1569164 0.1749277 -0.1107948 0.9656615
17.966667 0.5814386 -0.0616137 0.1283014 0.1654888 0.1511391 -0.1206630 0.9670630
18.066667 0.5754734 -0.0600852 0.1345437 0.1749048 0.1320300 -0.1259506 0.9675292
18.200000 0.5690643 -0.0576044 0.1428310 0.1846740 0.1081383 -0.1358127 0.9673451
18.266667 0.5663214 -0.0558078 0.1467479 0.1898031 0.0957167 -0.1414971 0.9668462
18.366667 0.5624267 -0.0528205 0.1523692 0.1964975 0.0758527 -0.1515491 0.9657474
18.433333 0.5604463 -0.0501512 0.1560574 0.2022317 0.0610544 -0.1592176 0.9643778
18.500000 0.5586760 -0.0473532 0.1596846 0.2084381 0.0464229 -0.1686352 0.9622685
18.566667 0.5572439 -0.0445822 0.1633847 0.2147242 0.0308275 -0.1783958 0.9597490
18.633333 0.5559595 -0.0416246 0.1668260 0.2214039 0.0153124 -0.1895566 0.9564592
18.666667 0.5556241 -0.0401142 0.1683793 0.2249964 0.0065481 -0.1953334 0.9545568
18.733333 0.5545142 -0.0371315 0.1716533 0.2326580 -0.0121006 -0.2072615 0.9501403
18.766667 0.5542557 -0.0353905 0.1732434 0.2373554 -0.0238444 -0.2134472 0.9473828
18.833333 0.5543174 -0.0317097 0.1755075 0.2473227 -0.0495714 -0.2286209 0.9402694
18.866667 0.5545111 -0.0300175 0.1767790 0.2508863 -0.0631359 -0.2360489 0.9366701
18.900000 0.5546592 -0.0282105 0.1784004 0.2539562 -0.0769697 -0.2438203 0.9328095
18.966667 0.5551784 -0.0249781 0.1816238 0.2581123 -0.1047339 -0.2584435 0.9249951
19.000000 0.5553775 -0.0234806 0.1831212 0.2600828 -0.1168670 -0.2654360 0.9210010
19.033333 0.5556323 -0.0219813 0.1846186 0.2620041 -0.1285227 -0.2726001 0.9168015
19.100000 0.5561379 -0.0195107 0.1876771 0.2642131 -0.1491645 -0.2852087 0.9091740
19.166667 0.5566953 -0.0169621 0.1919183 0.2652396 -0.1697532 -0.2969413 0.9014753
19.200000 0.5572140 -0.0155194 0.1944306 0.2661748 -0.1800142 -0.3025165 0.8973460
19.233333 0.5574973 -0.0142802 0.1968386 0.2669296 -0.1890655 -0.3077391 0.8934761
19.300000 0.5578677 -0.0123544 0.2003211 0.2685706 -0.2033083 -0.3156261 0.8870827
19.366667 0.5559451 -0.0107902 0.2040568 0.2689175 -0.2118389 -0.3213357 0.8829219
19.433333 0.5531768 -0.0101131 0.2082801 0.2675642 -0.2192454 -0.3263415 0.8796830
19.500000 0.5498326 -0.0097256 0.2127022 0.2658773 -0.2259895 -0.3315162 0.8765472
19.566667 0.5461105 -0.0092460 0.2166859 0.2643252 -0.2316629 -0.3365865 0.8735983
19.633333 0.5420330 -0.0084403 0.2213143 0.2622479 -0.2364953 -0.3413266 0.8710868
19.700000 0.5386369 -0.0082566 0.2249428 0.2603410 -0.2426636 -0.3466989 0.8678346
19.766667 0.5358258 -0.0079376 0.2288669 0.2586778 -0.2502612 -0.3518540 0.8640913
19.833333 0.5332490 -0.0075411 0.2330444 0.2568788 -0.2592311 -0.3570088 0.8598589
19.900000 0.5313119 -0.0072904 0.2372604 0.2549033 -0.2705357 -0.3633647 0.8542838
19.966667 0.5295806 -0.0061745 0.2425925 0.2520762 -0.2832133 -0.3701025 0.8480991
20.033333 0.5277584 -0.0053942 0.2483609 0.2476906 -0.2982525 -0.3788547 0.8403356
20.100000 0.5254369 -0.0045100 0.2544895 0.2433995 -0.3145714 -0.3878980 0.8314666
20.166667 0.5237177 -0.0047581 0.2596679 0.2390074 -0.3311687 -0.3956139 0.8226132
20.200000 0.5229557 -0.0047249 0.2617402 0.2381716 -0.3378840 -0.3992122 0.8183754
20.266667 0.5217612 -0.0056888 0.2656364 0.2357883 -0.3518049 -0.4055303 0.8100509
20.333333 0.5204152 -0.0066707 0.2687538 0.2349086 -0.3640515 -0.4125517 0.8013024
20.400000 0.5194235 -0.0077620 0.2711496 0.2338428 -0.3744804 -0.4202724 0.7927504
20.466667 0.5182922 -0.0082492 0.2738360 0.2323717 -0.3863956 -0.4265501 0.7840643
20.533333 0.5170563 -0.0083895 0.2762040 0.2299614 -0.3976482 -0.4324253 0.7758879
20.600000 0.5156426 -0.0081704 0.2786492 0.2269981 -0.4083348 -0.4373254 0.7684276
20.666667 0.5136523 -0.0070617 0.2817721 0.2255695 -0.4187927 -0.4400192 0.7616523
20.733333 0.5106928 -0.0054114 0.2847958 0.2239881 -0.4267783 -0.4423563 0.7563138
20.800000 0.5073583 -0.0036815 0.2876295 0.2225340 -0.4338196 -0.4439450 0.7517926
20.866667 0.5035871 -0.0012247 0.2896185 0.2218513 -0.4390645 -0.4447607 0.7484599
20.933333 0.4999847 0.0007625 0.2907990 0.2211739 -0.4443140 -0.4445488 0.7456833
21.000000 0.4963052 0.0021041 0.2909783 0.2206690 -0.4480191 -0.4441396 0.7438576
21.066667 0.4932745 0.0027708 0.2904932 0.2206561 -0.4518629 -0.4428805 0.7422855
21.133333 0.4906595 0.0033318 0.2904831 0.2212248 -0.4555295 -0.4405615 0.7412544
21.300000 0.4849648 0.0036367 0.2916320 0.2227300 -0.4616180 -0.4345234 0.7406008
21.366667 0.4832489 0.0033026 0.2928666 0.2237440 -0.4638052 -0.4315458 0.7406697
21.433333 0.4812928 0.0028119 0.2937579 0.2243960 -0.4656464 -0.4284745 0.7411002
21.533333 0.4787959 0.0011944 0.2946593 0.2262173 -0.4681652 -0.4239009 0.7415895
21.733333 0.4763134 -0.0052614 0.2923957 0.2371611 -0.4741281 -0.4095689 0.7424355
21.833333 0.4723673 -0.0086412 0.2921491 0.2379100 -0.4766321 -0.4073314 0.7418233
22.366667 0.4574590 -0.0141692 0.2995112 0.2455000 -0.4776161 -0.3925721 0.7466591
22.666667 0.4510791 -0.0170277 0.3039963 0.2502924 -0.4805076 -0.3816606 0.7488667
22.766667 0.4493914 -0.0172478 0.3053940 0.2516868 -0.4808447 -0.3771329 0.7504751
22.866667 0.4478519 -0.0176043 0.3069311 0.2522934 -0.4851211 -0.3719272 0.7501171
22.966667 0.4470562 -0.0191536 0.3074548 0.2541760 -0.4870397 -0.3657627 0.7512686
23.066667 0.4473479 -0.0218977 0.3095072 0.2563035 -0.4901743 -0.3598416 0.7513666
23.166667 0.4483644 -0.0243138 0.3121858 0.2584867 -0.4895564 -0.3540808 0.7537546
23.266667 0.4501013 -0.0287548 0.3155451 0.2620108 -0.4878641 -0.3508320 0.7551528
23.366667 0.4511823 -0.0329450 0.3208320 0.2666964 -0.4833377 -0.3510918 0.7563017
23.466667 0.4519708 -0.0359061 0.3264223 0.2727852 -0.4775672 -0.3532802 0.7567767
23.566667 0.4506127 -0.0376869 0.3322238 0.2781902 -0.4729994 -0.3586760 0.7551380
23.666667 0.4490180 -0.0378190 0.3358154 0.2846715 -0.4683471 -0.3642182 0.7529663
23.766667 0.4443481 -0.0379423 0.3375424 0.2869651 -0.4584060 -0.3781321 0.7513528
23.866667 0.4418513 -0.0370951 0.3428708 0.2905947 -0.4568748 -0.3869230 0.7463986
23.966667 0.4384121 -0.0339612 0.3443562 0.2927703 -0.4464722 -0.3948193 0.7477071
24.066667 0.4353674 -0.0316583 0.3456358 0.2953333 -0.4388986 -0.4011402 0.7478187
24.166667 0.4325040 -0.0295459 0.3471250 0.2963296 -0.4307342 -0.4064031 0.7493286
24.266667 0.4297062 -0.0277037 0.3490153 0.2965675 -0.4225129 -0.4100646 0.7519159
24.366667 0.4270137 -0.0265110 0.3507754 0.2963794 -0.4128351 -0.4113514 0.7566482
24.500000 0.4237584 -0.0256445 0.3524207 0.2961558 -0.3977086 -0.4104615 0.7652719
24.600000 0.4212973 -0.0253611 0.3532842 0.2954431 -0.3829045 -0.4074337 0.7746581
24.700000 0.4192645 -0.0254254 0.3536292 0.2957824 -0.3653447 -0.4033959 0.7850527
24.800000 0.4171906 -0.0254219 0.3538730 0.2958967 -0.3401730 -0.3976992 0.7991012
24.900000 0.4154009 -0.0252832 0.3545489 0.2948101 -0.3127762 -0.3904257 0.8141412
25.000000 0.4135907 -0.0255325 0.3551101 0.2920877 -0.2797242 -0.3835102 0.8302765
25.066667 0.4126753 -0.0261889 0.3550051 0.2896124 -0.2552236 -0.3769232 0.8419706
25.200000 0.4111001 -0.0275290 0.3550614 0.2832691 -0.2069440 -0.3649116 0.8624223
25.233333 0.4108177 -0.0278012 0.3553099 0.2797599 -0.1961832 -0.3625061 0.8670847
25.300000 0.4104014 -0.0282094 0.3558430 0.2724237 -0.1778742 -0.3567251 0.8757244
25.333333 0.4103617 -0.0284174 0.3559491 0.2700096 -0.1717628 -0.3542002 0.8787119
25.433333 0.4104700 -0.0287900 0.3562821 0.2688574 -0.1588847 -0.3511999 0.8826835
25.466667 0.4105678 -0.0288433 0.3564114 0.2699941 -0.1565729 -0.3515495 0.8826104
25.500000 0.4107210 -0.0288379 0.3565104 0.2723257 -0.1565513 -0.3529221 0.8813492
25.533333 0.4108809 -0.0288264 0.3566362 0.2743307 -0.1574987 -0.3543313 0.8799922
25.566667 0.4110577 -0.0287212 0.3567585 0.2771789 -0.1599381 -0.3562547 0.8778806
25.633333 0.4113613 -0.0283852 0.3573194 0.2807949 -0.1719051 -0.3604140 0.8727570
25.666667 0.4113830 -0.0281703 0.3576081 0.2809134 -0.1774414 -0.3615376 0.8711446
25.733333 0.4114238 -0.0277052 0.3582570 0.2809259 -0.1910062 -0.3632242 0.8675629
25.800000 0.4112369 -0.0273337 0.3587500 0.2787749 -0.2030246 -0.3627883 0.8657080
25.866667 0.4108987 -0.0269772 0.3593459 0.2756452 -0.2170456 -0.3621110 0.8635893
25.933333 0.4101589 -0.0266222 0.3599720 0.2679206 -0.2289021 -0.3596566 0.8639847
26.000000 0.4092232 -0.0258809 0.3607021 0.2624598 -0.2417167 -0.3545819 0.8642682
26.066667 0.4080631 -0.0250844 0.3615646 0.2537247 -0.2567536 -0.3508867 0.8640485
26.133333 0.4068018 -0.0242404 0.3625103 0.2434700 -0.2735603 -0.3458546 0.8638703
26.200000 0.4055798 -0.0233749 0.3635053 0.2326526 -0.2947001 -0.3396026 0.8623774
26.266667 0.4046403 -0.0231250 0.3645121 0.2203839 -0.3256433 -0.3449231 0.8523001
26.366667 0.4031257 -0.0225004 0.3654717 0.2017950 -0.3683895 -0.3611818 0.8325357
26.433333 0.4022276 -0.0220251 0.3661922 0.1907623 -0.4013003 -0.3750137 0.8135924
26.500000 0.4012442 -0.0216788 0.3667584 0.1755442 -0.4325837 -0.3949539 0.7912440
26.533333 0.4009522 -0.0215634 0.3670410 0.1671707 -0.4506436 -0.4019298 0.7793759
26.566667 0.4006651 -0.0214909 0.3673095 0.1574711 -0.4690875 -0.4090650 0.7666978
26.633333 0.4001157 -0.0213543 0.3677462 0.1379862 -0.5048328 -0.4240693 0.7391002
26.700000 0.3995941 -0.0213372 0.3681200 0.1138226 -0.5407642 -0.4403422 0.7076138
26.766667 0.3990755 -0.0213004 0.3684556 0.0866484 -0.5761760 -0.4559153 0.6727961
26.800000 0.3988487 -0.0212728 0.3685657 0.0741815 -0.5916747 -0.4634603 0.6554562
26.866667 0.3984404 -0.0211740 0.3686802 0.0527478 -0.6201474 -0.4786640 0.6192864
26.900000 0.3982512 -0.0211306 0.3687122 0.0424140 -0.6339064 -0.4857182 0.6003680
26.933333 0.3980640 -0.0210730 0.3687257 0.0315102 -0.6473625 -0.4926371 0.5807216
26.966667 0.3978670 -0.0210124 0.3687248 0.0202898 -0.6608559 -0.4998071 0.5595092
27.000000 0.3976811 -0.0209291 0.3687123 0.0090611 -0.6733562 -0.5067022 0.5382956
27.033333 0.3975145 -0.0208389 0.3686854 -0.0018288 -0.6849583 -0.5128831 0.5174744
27.100000 0.3972361 -0.0206327 0.3685701 -0.0223053 -0.7051525 -0.5244668 0.4766520
27.133333 0.3970976 -0.0205264 0.3685028 -0.0335240 -0.7147125 -0.5301642 0.4549595
27.200000 0.3968714 -0.0203174 0.3683598 -0.0555999 -0.7322773 -0.5388145 0.4127441
27.233333 0.3967752 -0.0202078 0.3682766 -0.0655790 -0.7397922 -0.5433493 0.3913802
27.300000 0.3966646 -0.0199916 0.3680998 -0.0819447 -0.7515810 -0.5502008 0.3545281
27.366667 0.3966033 -0.0198125 0.3679633 -0.0980298 -0.7618762 -0.5526627 0.3232626
27.433333 0.3965476 -0.0196408 0.3678419 -0.1134513 -0.7713108 -0.5545306 0.2910400
27.466667 0.3965231 -0.0195674 0.3677962 -0.1210056 -0.7762976 -0.5540721 0.2751798
27.500000 0.3965079 -0.0195034 0.3677539 -0.1274243 -0.7809325 -0.5531510 0.2606365
27.533333 0.3964896 -0.0194430 0.3677182 -0.1334893 -0.7854981 -0.5518669 0.2462039
27.566667 0.3964716 -0.0193914 0.3676861 -0.1388652 -0.7899240 -0.5501252 0.2325913
27.633333 0.3964424 -0.0193121 0.3676305 -0.1466358 -0.7979110 -0.5459993 0.2090950
27.666667 0.3964266 -0.0192817 0.3676070 -0.1493831 -0.8022429 -0.5429882 0.1981280
27.700000 0.3964119 -0.0192525 0.3675836 -0.1521527 -0.8064547 -0.5396577 0.1877496
27.733333 0.3963941 -0.0192293 0.3675609 -0.1544705 -0.8106658 -0.5361786 0.1774046
27.766667 0.3963784 -0.0192133 0.3675395 -0.1560072 -0.8146526 -0.5326846 0.1680775
27.800000 0.3963597 -0.0191979 0.3675199 -0.1574956 -0.8188035 -0.5289302 0.1580782
27.866667 0.3963373 -0.0191648 0.3674763 -0.1601227 -0.8268227 -0.5212613 0.1378826
27.900000 0.3963321 -0.0191493 0.3674434 -0.1620051 -0.8303718 -0.5180237 0.1260494
27.966667 0.3963439 -0.0191097 0.3673686 -0.1660092 -0.8364142 -0.5124370 0.1012944
28.033333 0.3964031 -0.0190623 0.3672919 -0.1740813 -0.8416276 -0.5057402 0.0747365
28.066667 0.3964517 -0.0190438 0.3672506 -0.1777097 -0.8435150 -0.5029225 0.0630129
28.133333 0.3965661 -0.0190430 0.3671913 -0.1801824 -0.8476434 -0.4968220 0.0469340
28.200000 0.3966691 -0.0190412 0.3671375 -0.1822250 -0.8513581 -0.4910043 0.0299707
28.266667 0.3967819 -0.0190464 0.3670819 -0.1836119 -0.8550320 -0.4847921 0.0135481
28.333333 0.3968940 -0.0190467 0.3670315 0.1856067 0.8577554 0.4793581 0.0046591
28.366667 0.3969506 -0.0190463 0.3670099 0.1871637 0.8592185 0.4759554 0.0134078
28.433333 0.3970647 -0.0190515 0.3669682 0.1900019 0.8616583 0.4695527 0.0310578
28.500000 0.3971706 -0.0190597 0.3669459 0.1940207 0.8640004 0.4620389 0.0487793
28.566667 0.3972770 -0.0190687 0.3669315 0.1998469 0.8657398 0.4541049 0.0659136
28.633333 0.3973835 -0.0190829 0.3669232 0.2062087 0.8669131 0.4462606 0.0824078
28.700000 0.3974844 -0.0190926 0.3669172 0.2137040 0.8673725 0.4382928 0.0994742
28.733333 0.3975333 -0.0190990 0.3669190 0.2171732 0.8677266 0.4338910 0.1078189
28.766667 0.3975845 -0.0191031 0.3669209 0.2212877 0.8675903 0.4299417 0.1160556
28.833333 0.3976845 -0.0191181 0.3669255 0.2285720 0.8672110 0.4224395 0.1313196
28.866667 0.3977333 -0.0191284 0.3669297 0.2316135 0.8671697 0.4186020 0.1383628
28.900000 0.3977783 -0.0191404 0.3669341 0.2344527 0.8670309 0.4149281 0.1453413
28.933333 0.3978225 -0.0191561 0.3669421 0.2371922 0.8669459 0.4113241 0.1515166
29.000000 0.3979098 -0.0191882 0.3669557 0.2415672 0.8667905 0.4049245 0.1623441
29.033333 0.3979509 -0.0192058 0.3669657 0.2434177 0.8670059 0.4013863 0.1671453
29.066667 0.3979930 -0.0192262 0.3669752 0.2448247 0.8672316 0.3983917 0.1710389
29.133333 0.3980717 -0.0192664 0.3669941 0.2486221 0.8670633 0.3928818 0.1789756
29.200000 0.3981505 -0.0193055 0.3670090 0.2518817 0.8665215 0.3891015 0.1851921
29.266667 0.3982267 -0.0193485 0.3670192 0.2538685 0.8658990 0.3864845 0.1907865
29.333333 0.3982908 -0.0193826 0.3670290 0.2561806 0.8652052 0.3834653 0.1968396
29.400000 0.3983491 -0.0194131 0.3670392 0.2585539 0.8643450 0.3807534 0.2026932
29.466667 0.3983987 -0.0194391 0.3670514 0.2609134 0.8636503 0.3774711 0.2086815
29.600000 0.3984875 -0.0194765 0.3670707 0.2659847 0.8621722 0.3704143 0.2206911
29.733333 0.3985547 -0.0194961 0.3670895 0.2673773 0.8620028 0.3647590 0.2289353
29.800000 0.3985849 -0.0194951 0.3670993 0.2671613 0.8623583 0.3621272 0.2320063
29.933333 0.3986326 -0.0194787 0.3671286 0.2660077 0.8643762 0.3552522 0.2364098
30.000000 0.3986576 -0.0194630 0.3671358 0.2655099 0.8651688 0.3523575 0.2383941
30.100000 0.3986911 -0.0194374 0.3671437 0.2639334 0.8670392 0.3476690 0.2402258
30.166667 0.3987257 -0.0194170 0.3671423 0.2646255 0.8676481 0.3438068 0.2428109
30.266667 0.3987765 -0.0193889 0.3671475 0.2679068 0.8682231 0.3369991 0.2466702
30.333333 0.3988140 -0.0193789 0.3671413 0.2692770 0.8679293 0.3336243 0.2507657
30.400000 0.3988530 -0.0193724 0.3671325 0.2699901 0.8672857 0.3312669 0.2553096
30.466667 0.3988896 -0.0193645 0.3671230 0.2709633 0.8660319 0.3282124 0.2623820
30.533333 0.3989306 -0.0193510 0.3671128 0.2725502 0.8640563 0.3238128 0.2725222
30.600000 0.3989769 -0.0193330 0.3671012 0.2744755 0.8615056 0.3185232 0.2846300
30.666667 0.3990197 -0.0193109 0.3670888 0.2760503 0.8590454 0.3108536 0.2986758
30.733333 0.3990598 -0.0192905 0.3670735 0.2774134 0.8561863 0.3024358 0.3138779
30.800000 0.3990995 -0.0192700 0.3670581 0.2792067 0.8528531 0.2937655 0.3292218
30.866667 0.3991355 -0.0192532 0.3670429 0.2807349 0.8494017 0.2857634 0.3435755
30.933333 0.3991671 -0.0192391 0.3670279 0.2831544 0.8456569 0.2777260 0.3571503
31.000000 0.3991936 -0.0192271 0.3670121 0.2854642 0.8416674 0.2694730 0.3707972
31.066667 0.3992112 -0.0192159 0.3669999 0.2880664 0.8381537 0.2625919 0.3815252
31.133333 0.3992224 -0.0192070 0.3669898 0.2904806 0.8355551 0.2575643 0.3887537
31.200000 0.3992267 -0.0192008 0.3669789 0.2929052 0.8337985 0.2530944 0.3936113
31.266667 0.3992225 -0.0191960 0.3669674 0.2938238 0.8336338 0.2495903 0.3955085
31.333333 0.3992157 -0.0191933 0.3669581 0.2950153 0.8340350 0.2481186 0.3947008
31.400000 0.3992162 -0.0191894 0.3669519 0.2951883 0.8347433 0.2458691 0.3944817
31.500000 0.3992253 -0.0191851 0.3669434 0.2944498 0.8350623 0.2411357 0.3972704
31.600000 0.3992443 -0.0191877 0.3669373 0.2956546 0.8312633 0.2291369 0.4112007
31.700000 0.3992737 -0.0191988 0.3669341 0.3002394 0.8212288 0.2110594 0.4369136
31.800000 0.3993084 -0.0192108 0.3669342 0.3074705 0.8070506 0.1896166 0.4670940
31.900000 0.3993433 -0.0192257 0.3669358 0.3127084 0.7896559 0.1667941 0.5008361
31.966667 0.3993617 -0.0192358 0.3669385 0.3160880 0.7755489 0.1491734 0.5256991
32.033333 0.3993761 -0.0192443 0.3669453 0.3166925 0.7597610 0.1269771 0.5534853
32.100000 0.3993855 -0.0192509 0.3669443 0.3169606 0.7383468 0.1056796 0.5858428
32.166667 0.3993932 -0.0192557 0.3669341 0.3156954 0.7120852 0.0839746 0.6214655
32.200000 0.3993968 -0.0192585 0.3669283 0.3144790 0.6981227 0.0737020 0.6389802
32.333333 0.3994103 -0.0192724 0.3669079 0.3041801 0.6404797 0.0325418 0.7044156
32.433333 0.3994207 -0.0192826 0.3668922 0.2952911 0.5920538 0.0026465 0.7498457
32.566667 0.3994313 -0.0192990 0.3668755 0.2778572 0.5314380 -0.0332786 0.7995384
32.700000 0.3994398 -0.0193146 0.3668672 0.2612969 0.4801605 -0.0599338 0.8352112
32.833333 0.3994460 -0.0193265 0.3668627 0.2478325 0.4402300 -0.0778505 0.8594859
33.200000 0.3994467 -0.0193337 0.3668572 0.2446532 0.4189164 -0.0830969 0.8704876
33.400000 0.3994350 -0.0193184 0.3668532 0.2698992 0.4688146 -0.0620180 0.8387616
33.500000 0.3994247 -0.0193057 0.3668523 0.2876954 0.5080248 -0.0456572 0.8105909
33.566667 0.3994146 -0.0192972 0.3668542 0.2979019 0.5411512 -0.0320823 0.7857357
33.633333 0.3994012 -0.0192882 0.3668586 0.3075015 0.5794177 -0.0169450 0.7546064
33.666667 0.3993938 -0.0192837 0.3668617 0.3120002 0.5994229 -0.0089717 0.7370669
33.700000 0.3993865 -0.0192791 0.3668650 0.3163488 0.6186649 -0.0006505 0.7191501
33.733333 0.3993787 -0.0192746 0.3668689 0.3200988 0.6381733 0.0077905 0.7001505
33.800000 0.3993617 -0.0192660 0.3668791 0.3263727 0.6782082 0.0257923 0.6579129
33.866667 0.3993424 -0.0192568 0.3668906 0.3312670 0.7170608 0.0450657 0.6116004
33.933333 0.3993218 -0.0192479 0.3669048 0.3343294 0.7535861 0.0654501 0.5621816
34.000000 0.3993006 -0.0192383 0.3669209 0.3361913 0.7864197 0.0870707 0.5108210
34.066667 0.3992828 -0.0192313 0.3669408 0.3362240 0.8153099 0.1101051 0.4583667
34.133333 0.3992790 -0.0192318 0.3669683 0.3327126 0.8419417 0.1371163 0.4020393
34.200000 0.3992887 -0.0192348 0.3669962 0.3258049 0.8639074 0.1654528 0.3466130
34.266667 0.3993012 -0.0192398 0.3670187 0.3163630 0.8804203 0.1903945 0.2975308
34.300000 0.3993087 -0.0192395 0.3670281 0.3119307 0.8866994 0.2021750 0.2749341
34.366667 0.3992644 -0.0192602 0.3670441 0.2958826 0.8980761 0.2227435 0.2372722
34.400000 0.3992681 -0.0192693 0.3670475 0.2885834 0.9022923 0.2338453 0.2188717
54.866667 5.0120230 -9.7022619 9.7765884 0.2664232 -0.8155248 -0.3618256 0.3647193
54.933333 5.2163448 -8.7263823 9.3059311 0.2675980 -0.8183681 -0.3641289 0.3550704
54.966667 5.2879710 -8.2758827 9.0582314 0.2681178 -0.8194041 -0.3653910 0.3509689
55.000000 5.3566194 -7.8703928 8.8888350 0.2685590 -0.8205692 -0.3663591 0.3468766
55.033333 5.4504800 -7.4439406 8.7016411 0.2692314 -0.8214467 -0.3674338 0.3431214
55.066667 5.5547543 -7.0683222 8.5917387 0.2700164 -0.8224895 -0.3681505 0.3392159
55.100000 5.6526918 -6.7226467 8.5254812 0.2708966 -0.8236526 -0.3685163 0.3352718
55.133333 5.7665195 -6.3340902 8.4243746 0.2719617 -0.8246236 -0.3687610 0.3317350
55.166667 5.9117866 -5.9601631 8.3681250 0.2734650 -0.8256983 -0.3686326 0.3279471
55.233333 6.1820221 -5.2293115 8.2003536 0.2776486 -0.8272951 -0.3684036 0.3205822
55.266667 6.3557405 -4.8601265 8.1389837 0.2800893 -0.8280666 -0.3677507 0.3171988
55.300000 6.5332632 -4.5146370 8.0974112 0.2823136 -0.8291090 -0.3667474 0.3136457
55.366667 6.9316287 -3.7251325 7.9785786 0.2870343 -0.8308842 -0.3651214 0.3064787
55.400000 7.1793008 -3.3595371 7.9071016 0.2889810 -0.8320987 -0.3642226 0.3023967
55.466667 7.8569212 -2.6344309 7.7090092 0.2930243 -0.8345671 -0.3611753 0.2952746
55.533333 8.5149221 -2.0284491 7.4800549 0.2958445 -0.8379940 -0.3564709 0.2883929
55.600000 9.7743034 -1.0722365 7.7804489 0.3040284 -0.8407776 -0.3395841 0.2921342
55.666667 10.2532492 -0.9167981 8.2363596 0.3070153 -0.8472986 -0.3265940 0.2848913
55.733333 10.6379585 -0.9099436 8.1899662 0.3072986 -0.8509589 -0.3179672 0.2834315
55.800000 11.3516312 -1.4654305 8.3291359 0.3128593 -0.8536192 -0.3013401 0.2874848
55.866667 11.2288342 -1.8804235 8.4909239 0.3146189 -0.8569068 -0.2875907 0.2898574
55.933333 11.2814026 -2.3847280 8.4097271 0.3129418 -0.8578025 -0.2821647 0.2943219
56.033333 11.2509251 -2.8700662 8.3329744 0.3118910 -0.8590086 -0.2746963 0.2989485
56.100000 11.2288465 -3.1014929 8.4199886 0.3130326 -0.8589083 -0.2691959 0.3030193
56.166667 11.0301332 -3.3689632 8.3332376 0.3132855 -0.8582509 -0.2677860 0.3058566
56.233333 10.8299999 -3.6705742 8.2330580 0.3149116 -0.8553150 -0.2682654 0.3119305
56.333333 10.5453568 -4.0442529 8.2660160 0.3192862 -0.8514209 -0.2660560 0.3199264
56.566667 10.0091658 -4.4473214 8.2526350 0.3223841 -0.8466944 -0.2588663 0.3349111
56.666667 9.9260826 -4.5162878 8.1972599 0.3230614 -0.8435547 -0.2570079 0.3435022
56.733333 9.7728596 -4.4862309 8.0681429 0.3226774 -0.8418525 -0.2565100 0.3483766
56.833333 9.4655466 -4.3817706 7.8821526 0.3209561 -0.8410356 -0.2555334 0.3526316
56.933333 9.1315117 -4.2693233 7.6896601 0.3191620 -0.8414353 -0.2558312 0.3530901
57.033333 8.7981710 -4.1427469 7.4518042 0.3159044 -0.8439968 -0.2551695 0.3503746
57.133333 8.5653734 -4.1472774 7.2524929 0.3157248 -0.8446879 -0.2547066 0.3492058
57.233333 8.3219852 -4.0849276 7.0460100 0.3154821 -0.8440927 -0.2555583 0.3502408
57.333333 8.0361376 -3.9423621 6.8464861 0.3143729 -0.8430603 -0.2572426 0.3524845
57.433333 7.6755581 -3.7259364 6.6247244 0.3131953 -0.8410992 -0.2601888 0.3560376
57.533333 7.2287540 -3.3413272 6.3148985 0.3134172 -0.8355466 -0.2676425 0.3633167
57.633333 6.9353566 -3.1323099 5.9780712 0.3157090 -0.8291458 -0.2717663 0.3728112
57.733333 6.6829700 -3.0403466 5.6001024 0.3143575 -0.8261058 -0.2742872 0.3788074
57.833333 6.3955712 -2.9010732 5.2785530 0.3134315 -0.8246961 -0.2761490 0.3812858
57.933333 6.0769849 -2.7097208 4.9595957 0.3131241 -0.8239037 -0.2773491 0.3823786
58.033333 5.7446156 -2.5350609 4.6669221 0.3126072 -0.8239724 -0.2784422 0.3818589
58.166667 5.4449067 -2.4507756 4.1390638 0.3102556 -0.8267331 -0.2779095 0.3781803
58.266667 5.1732626 -2.3342986 3.7523904 0.3073903 -0.8296589 -0.2770380 0.3747363
58.366667 4.8394608 -2.0318167 3.4728622 0.3071666 -0.8283212 -0.2817570 0.3743605
58.466667 4.5740757 -1.7445761 3.1488018 0.3078707 -0.8265471 -0.2855647 0.3748177
58.566667 4.4035568 -1.5380093 2.8369718 0.3102171 -0.8255634 -0.2862085 0.3745600
58.666667 4.2445192 -1.3578584 2.5303717 0.3104574 -0.8272046 -0.2863955 0.3705757
58.800000 3.9508936 -1.0033982 2.1979189 0.3102129 -0.8313181 -0.2865998 0.3613015
58.933333 3.6061864 -0.5272210 1.7354507 0.3098932 -0.8345078 -0.2898442 0.3515015
59.066667 3.3665495 0.1296879 1.1116257 0.3050382 -0.8399171 -0.2935270 0.3396071
59.200000 3.1021638 0.5362462 0.6460443 0.3027372 -0.8457173 -0.2917996 0.3285811
59.300000 2.9359896 0.7233957 0.3387749 0.3041497 -0.8475403 -0.2922818 0.3220865
59.400000 2.6477754 1.0266638 -0.0049565 0.3023952 -0.8494402 -0.2974254 0.3139217
59.500000 2.4348743 1.2555704 -0.2773221 0.3026171 -0.8526114 -0.2980932 0.3043305
59.600000 2.2284384 1.4506257 -0.5596774 0.3020918 -0.8562133 -0.2965168 0.2961707
59.700000 2.1392109 1.5051311 -0.7937330 0.3041239 -0.8595436 -0.2879843 0.2928454
59.800000 2.0838623 1.5879984 -0.9629239 0.3029861 -0.8662207 -0.2741241 0.2876057
59.900000 2.0794413 1.6426197 -1.1115108 0.3021839 -0.8708467 -0.2618552 0.2859070
60.033333 2.0918467 1.6404576 -1.2406752 0.2996801 -0.8757175 -0.2465040 0.2873092
60.133333 2.0630481 1.6133316 -1.3797805 0.2964008 -0.8795593 -0.2338379 0.2895544
60.233333 2.0420156 1.6189730 -1.4643732 0.2960235 -0.8811908 -0.2195037 0.2961264
60.366667 1.9089620 1.6074251 -1.6405040 0.2956165 -0.8798934 -0.2039739 0.3111161
60.466667 1.8410771 1.5339204 -1.7297984 0.2962862 -0.8784981 -0.1901727 0.3229397
60.533333 1.8263078 1.4921591 -1.7765315 0.2954153 -0.8776566 -0.1793869 0.3320677
60.600000 1.7745039 1.4565500 -1.8019550 0.2965830 -0.8756366 -0.1718196 0.3402602
60.666667 1.7224910 1.4370703 -1.8041267 0.2986041 -0.8728446 -0.1656929 0.3486026
60.733333 1.6784828 1.4156321 -1.7762980 0.2997776 -0.8701942 -0.1594192 0.3570448
60.800000 1.6283019 1.4210650 -1.7518717 0.3004140 -0.8680061 -0.1524442 0.3647982
60.866667 1.5887933 1.4422152 -1.7366368 0.3002636 -0.8663895 -0.1448411 0.3717958
60.933333 1.5160863 1.4655311 -1.7168548 0.3003722 -0.8659000 -0.1369414 0.3758201
61.000000 1.4461200 1.4676882 -1.7324481 0.2991859 -0.8646270 -0.1294011 0.3823131
61.066667 1.3768890 1.4517030 -1.7311718 0.2982580 -0.8635152 -0.1228147 0.3876857
61.133333 1.3056388 1.4527284 -1.7289929 0.2979639 -0.8614594 -0.1168897 0.3942614
61.200000 1.2339857 1.4487703 -1.6882986 0.2977003 -0.8603142 -0.1113084 0.3985530
61.266667 1.1647727 1.4500133 -1.6349880 0.2978968 -0.8590414 -0.1059977 0.4025790
61.333333 1.1078467 1.4723694 -1.5677625 0.2976627 -0.8569399 -0.1000333 0.4087104
61.400000 1.0475674 1.5197629 -1.4902055 0.2973834 -0.8544707 -0.0932321 0.4156331
61.466667 0.9896274 1.5582581 -1.4056023 0.2976208 -0.8529007 -0.0863744 0.4201449
61.533333 0.9238708 1.6021564 -1.3319438 0.2980852 -0.8521889 -0.0790025 0.4227031
61.600000 0.8736186 1.6450751 -1.2610751 0.2991181 -0.8519217 -0.0713399 0.4238730
61.666667 0.8131864 1.6820486 -1.1765025 0.3001173 -0.8521339 -0.0640996 0.4238970
61.733333 0.7366049 1.7137326 -1.1480361 0.3004059 -0.8526539 -0.0602750 0.4232076
61.800000 0.6913998 1.7265422 -1.0678667 0.3015751 -0.8526565 -0.0550012 0.4230888
61.866667 0.6395572 1.7466328 -1.0055504 0.3023188 -0.8519062 -0.0498148 0.4247089
61.900000 0.6083621 1.7489805 -0.9900776 0.3026469 -0.8512985 -0.0479892 0.4259024
61.933333 0.5729733 1.7464778 -0.9643922 0.3030618 -0.8507940 -0.0460413 0.4268295
62.000000 0.5165918 1.7299491 -0.8950930 0.3043557 -0.8491591 -0.0410194 0.4296671
62.066667 0.4565426 1.6889116 -0.8017589 0.3054121 -0.8454404 -0.0345673 0.4367597
62.133333 0.4064881 1.6487212 -0.7288052 0.3063904 -0.8395689 -0.0272801 0.4477776
62.200000 0.3499354 1.6423624 -0.6772701 0.3066905 -0.8345758 -0.0177991 0.4572826
62.266667 0.2396352 1.5827105 -0.6494692 0.3090069 -0.8327539 -0.0117017 0.4592373
62.333333 0.1180390 1.5442380 -0.5745010 0.3101674 -0.8319643 -0.0015281 0.4600318
62.366667 0.0528738 1.5049126 -0.5793474 0.3114379 -0.8314726 0.0009820 0.4600640
62.400000 0.1012228 1.4409550 -0.6514602 0.3090712 -0.8250526 0.0024030 0.4730301
62.433333 0.1306267 1.3591256 -0.6965351 0.3057657 -0.8198365 0.0037478 0.4841090
62.466667 0.1468617 1.2565091 -0.7379333 0.3007694 -0.8150751 0.0037620 0.4951527
62.533333 0.1407412 1.1667247 -0.8344812 0.2949697 -0.8019758 0.0097937 0.5193571
62.566667 0.1183959 1.1203630 -0.8680006 0.2907390 -0.7957615 0.0127232 0.5311050
62.600000 0.0853381 1.0785170 -0.9194072 0.2860941 -0.7888524 0.0142919 0.5437443
62.633333 0.0406193 1.0386609 -0.9671751 0.2811463 -0.7820914 0.0148807 0.5559393
62.666667 -0.0113928 1.0108385 -1.0105033 0.2771951 -0.7748863 0.0156995 0.5678625
62.700000 -0.0761127 0.9801793 -1.0494583 0.2713802 -0.7674838 0.0161785 0.5805686
62.733333 -0.1550905 0.9517505 -1.0817486 0.2651165 -0.7604448 0.0165606 0.5925899
62.766667 -0.2480856 0.9203712 -1.1107361 0.2579870 -0.7534751 0.0167001 0.6045156
62.800000 -0.3340172 0.8884867 -1.1432164 0.2518455 -0.7460122 0.0169219 0.6162413
62.833333 -0.4153811 0.8532339 -1.1847703 0.2452841 -0.7368225 0.0160532 0.6298179
62.866667 -0.5079901 0.8024546 -1.2200965 0.2370174 -0.7283806 0.0142432 0.6427143
62.900000 -0.5971774 0.7491488 -1.2409706 0.2278239 -0.7198145 0.0130369 0.6555862
62.966667 -0.7518392 0.6516079 -1.2486507 0.2094424 -0.7014983 0.0100428 0.6811265
63.000000 -0.8240765 0.6260104 -1.2567449 0.2021624 -0.6898209 0.0101668 0.6951074
63.033333 -0.8965734 0.5965254 -1.2570963 0.1951720 -0.6801955 0.0086305 0.7065179
63.066667 -0.9738067 0.5621209 -1.2537291 0.1865296 -0.6712514 0.0057224 0.7173532
63.100000 -1.0401694 0.5269485 -1.2361629 0.1772354 -0.6641077 0.0037976 0.7263156
63.133333 -1.1014142 0.5102508 -1.2237728 0.1701962 -0.6570700 0.0020938 0.7343622
63.166667 -1.1650823 0.5024506 -1.2170359 0.1643736 -0.6507879 0.0004608 0.7412531
63.200000 -1.2309732 0.5036774 -1.2139388 0.1602872 -0.6461949 -0.0008586 0.7461498
63.233333 -1.2954928 0.5061792 -1.2299137 0.1574341 -0.6397882 -0.0025882 0.7522492
63.266667 -1.3513798 0.5019686 -1.2476037 0.1546202 -0.6339692 -0.0043258 0.7577315
63.300000 -1.4078336 0.4980907 -1.2719551 0.1525703 -0.6275106 -0.0059496 0.7634903
63.366667 -1.5094796 0.4788210 -1.3361350 0.1501048 -0.6149118 -0.0089785 0.7741262
63.400000 -1.5546850 0.4584568 -1.3878453 0.1495728 -0.6073042 -0.0111618 0.7801827
63.466667 -1.6382341 0.4118710 -1.4986111 0.1496599 -0.5903243 -0.0153222 0.7930223
63.533333 -1.7175598 0.3669485 -1.5797218 0.1477718 -0.5738465 -0.0193192 0.8052891
63.600000 -1.7738582 0.3228562 -1.5883574 0.1430441 -0.5626208 -0.0204123 0.8139899
63.666667 -1.8039670 0.2791994 -1.5116551 0.1330576 -0.5573390 -0.0192817 0.8193273
63.733333 -1.8268802 0.2610707 -1.3775243 0.1237912 -0.5556193 -0.0143177 0.8220450
63.800000 -1.8076642 0.2198268 -1.2429254 0.1129785 -0.5520645 -0.0083183 0.8260699
63.866667 -1.7576680 0.1681039 -1.1239130 0.1057204 -0.5475144 -0.0027999 0.8300863
63.900000 -1.7387092 0.1405343 -1.0615356 0.1011818 -0.5445678 -0.0031047 0.8325855
63.966667 -1.6765455 0.1072085 -0.9515067 0.0983403 -0.5363886 -0.0000952 0.8382222
64.033333 -1.6181870 0.0709008 -0.8642299 0.0955680 -0.5262730 0.0011528 0.8449274
64.066667 -1.5691524 0.0439968 -0.8210307 0.0957620 -0.5230576 0.0029007 0.8468955
64.100000 -1.5293154 0.0159476 -0.7856320 0.0947545 -0.5171995 0.0040216 0.8505940
64.166667 -1.4624718 -0.0397888 -0.7344282 0.0938485 -0.5038112 0.0073760 0.8586689
64.200000 -1.4332387 -0.0657291 -0.7128133 0.0931019 -0.4979431 0.0094452 0.8621459
64.233333 -1.3981557 -0.0922356 -0.6932733 0.0923955 -0.4918266 0.0116949 0.8656980
64.266667 -1.3686173 -0.1143831 -0.6755838 0.0916518 -0.4854939 0.0139257 0.8693111
64.300000 -1.3448195 -0.1325171 -0.6620197 0.0914378 -0.4796588 0.0170744 0.8725107
64.333333 -1.3283713 -0.1490369 -0.6530960 0.0907616 -0.4733693 0.0201024 0.8759450
64.366667 -1.3142143 -0.1639745 -0.6453840 0.0899149 -0.4672767 0.0233076 0.8792182
64.400000 -1.2996228 -0.1759893 -0.6359355 0.0891713 -0.4612214 0.0254880 0.8824249
64.433333 -1.2835796 -0.1842023 -0.6232003 0.0877992 -0.4562165 0.0273765 0.8851036
64.500000 -1.2514185 -0.1944278 -0.5991080 0.0860260 -0.4467233 0.0312422 0.8899785
64.533333 -1.2348437 -0.1986649 -0.5805106 0.0847564 -0.4418340 0.0325114 0.8924921
64.566667 -1.2180976 -0.2042500 -0.5623562 0.0824085 -0.4339196 0.0327512 0.8965768
64.633333 -1.1754619 -0.2076730 -0.5079175 0.0782539 -0.4204816 0.0322222 0.9033456
64.666667 -1.1553845 -0.1990391 -0.4753114 0.0766600 -0.4136287 0.0337997 0.9065827
64.733333 -1.1139233 -0.1851726 -0.4155732 0.0735264 -0.4016837 0.0342960 0.9121775
64.800000 -1.0540198 -0.1794963 -0.3658828 0.0718399 -0.3908253 0.0359075 0.9169543
64.866667 -0.9901333 -0.1794139 -0.3194151 0.0682248 -0.3776927 0.0356870 0.9227242
64.900000 -0.9561998 -0.1765693 -0.2977630 0.0677813 -0.3677863 0.0360650 0.9267352
64.933333 -0.9283620 -0.1762370 -0.2692496 0.0649882 -0.3570645 0.0368320 0.9310880
64.966667 -0.9104030 -0.1776858 -0.2442739 0.0593915 -0.3443579 0.0383163 0.9361742
65.000000 -0.8794188 -0.1743861 -0.2288723 0.0602281 -0.3381879 0.0412744 0.9382420
65.033333 -0.8568531 -0.1716243 -0.2172994 0.0578252 -0.3309642 0.0446118 0.9408128
65.066667 -0.8418125 -0.1685738 -0.2049713 0.0553104 -0.3253602 0.0457368 0.9428625
65.100000 -0.7808818 -0.1476675 -0.2146073 0.0613720 -0.3330885 0.0502515 0.9395533
65.166667 -0.7439899 -0.1360939 -0.1905988 0.0571801 -0.3250585 0.0544720 0.9423907
65.266667 -0.6924270 -0.1228527 -0.1667564 0.0520118 -0.3083585 0.0650247 0.9476189
65.300000 -0.6745857 -0.1257202 -0.1561093 0.0489859 -0.3000618 0.0686045 0.9501877
65.333333 -0.6582053 -0.1272599 -0.1407096 0.0457799 -0.2908286 0.0709857 0.9530393
65.366667 -0.6405517 -0.1239431 -0.1251037 0.0430989 -0.2800235 0.0738485 0.9561777
65.400000 -0.6276927 -0.1207316 -0.1088861 0.0398728 -0.2685219 0.0748978 0.9595293
65.433333 -0.6105096 -0.1182409 -0.0932321 0.0361300 -0.2576219 0.0758148 0.9625891
65.466667 -0.5966274 -0.1182646 -0.0796392 0.0319183 -0.2452236 0.0744757 0.9660745
65.500000 -0.5799037 -0.1154364 -0.0698122 0.0285255 -0.2321747 0.0738287 0.9694486
65.533333 -0.5627675 -0.1116682 -0.0597972 0.0240341 -0.2188014 0.0729712 0.9727402
65.566667 -0.5422460 -0.1097501 -0.0497384 0.0185503 -0.2044300 0.0711802 0.9761136
65.600000 -0.5137624 -0.1025010 -0.0438180 0.0138220 -0.1877828 0.0686904 0.9797083
65.633333 -0.4814982 -0.0932795 -0.0380629 0.0090115 -0.1727961 0.0639342 0.9828391
65.666667 -0.4499504 -0.0798848 -0.0323381 0.0038030 -0.1573798 0.0587403 0.9857823
65.700000 -0.4112074 -0.0631808 -0.0211565 -0.0014270 -0.1432234 0.0526390 0.9882885
65.733333 -0.3702595 -0.0527309 -0.0063036 -0.0083164 -0.1287572 0.0455568 0.9905943
65.766667 -0.3232492 -0.0402732 -0.0009616 -0.0126351 -0.1132480 0.0393972 0.9927049
65.833333 -0.2348429 -0.0242324 0.0117261 -0.0222886 -0.0800097 0.0277029 0.9961597
65.866667 -0.1897018 -0.0170980 0.0126963 -0.0252725 -0.0642810 0.0233342 0.9973388
65.900000 -0.1483424 -0.0124886 0.0122370 -0.0285487 -0.0484234 0.0189083 0.9982398
65.933333 -0.1071842 -0.0090304 0.0114289 -0.0317006 -0.0340809 0.0146233 0.9988092
65.966667 -0.0684521 -0.0070303 0.0084695 -0.0346094 -0.0193921 0.0106319 0.9991562
66.033333 0.0041118 -0.0033401 0.0012809 -0.0396487 0.0071761 0.0034468 0.9991820
66.100000 0.0693574 -0.0022505 -0.0080458 -0.0432976 0.0295851 -0.0031659 0.9986191
66.166667 0.1212977 -0.0043413 -0.0200710 -0.0474204 0.0518538 -0.0093766 0.9974841
66.366667 0.1973516 -0.0004136 -0.0704586 -0.0508949 0.1234862 -0.0353356 0.9904101
66.500000 0.2242260 -0.0014643 -0.0910978 -0.0628476 0.1652257 -0.0466766 0.9831439
66.633333 0.2226031 0.0123344 -0.1175309 -0.0728532 0.2077557 -0.0495537 0.9742045
66.766667 0.2120708 0.0279291 -0.1264389 -0.0909718 0.2437722 -0.0429862 0.9645991
66.866667 0.2031085 0.0394173 -0.1321395 -0.1021846 0.2591146 -0.0438295 0.9594253
66.966667 0.1953688 0.0461833 -0.1219705 -0.1252965 0.2674888 -0.0489893 0.9541230
67.066667 0.1921779 0.0547931 -0.1105238 -0.1667897 0.2725988 -0.0599406 0.9456629
67.166667 0.1964367 0.0665466 -0.0905393 -0.2225312 0.2783942 -0.0688718 0.9317904
